0.081377
0.033718
0.033305
0.034255
0.034544
0.033298
0.032237
0.031610
0.030984
0.030759
0.030556
0.027953
0.028063
0.027924
0.027766
0.028402
0.028265
0.028109
0.027817
0.028740
0.027987
0.028452
0.028229
0.028212
0.027860
0.027757
0.027766
0.027669
0.027542
0.027684
0.028062
0.028417
0.027708
0.027993
0.027786
0.027812
0.027956
0.027761
0.027762
0.028040
0.027899
0.027833
0.027822
0.028062
0.027931
0.027966
0.027884
0.027885
0.027670
0.027920
0.028125
0.028042
0.028052
0.028014
0.027918
0.028109
0.027696
0.028121
0.028775
0.028430
0.028537
0.027987
0.027938
0.027905
0.027706
0.027606
0.027611
0.027699
0.028770
0.031017
0.027917
0.027798
0.027840
0.027736
0.027673
0.028178
0.028534
0.028147
0.027821
0.027714
0.028040
0.027941
0.027624
0.027687
0.027602
0.027575
0.028049
0.027452
0.027934
0.028301
