1.275293
0.048499
0.027505
0.027205
0.027330
0.027083
0.027124
0.027042
0.027080
0.027267
0.027436
0.027057
0.026943
0.026944
0.026950
0.026972
0.026988
0.028893
0.027164
0.027081
0.027044
0.027670
0.027133
0.027123
0.026962
0.026987
0.026903
0.027179
0.029110
0.027408
0.028274
0.027354
0.027081
0.027380
0.027313
0.027101
0.027615
0.026995
0.027538
0.027287
0.027595
0.027231
0.027498
0.027138
0.026971
0.027143
0.026950
0.026892
0.027054
0.026978
0.026987
0.028700
0.027029
0.026963
0.027383
0.026940
0.027145
0.027456
0.028488
0.026913
0.027155
0.027177
0.029327
0.027301
0.027146
0.026972
0.028648
0.026888
0.027373
0.027016
0.027554
0.027564
0.027633
0.027473
0.027226
0.027190
0.027242
0.027271
0.026990
0.027227
0.026867
0.026999
0.027004
0.027127
0.027095
0.028888
0.027139
0.027348
0.027019
0.027524
0.027050
0.027014
0.026909
0.027406
0.027096
0.026975
0.028081
0.027372
0.027354
0.027182
0.027261
0.027102
0.027152
0.027418
0.027186
0.027182
0.027130
0.027287
0.027703
0.027067
0.027356
0.027111
0.027023
0.027583
0.027432
0.027195
0.027021
0.027158
0.026953
0.027365
0.027569
0.027291
0.027181
0.027219
0.027035
0.027044
0.027113
0.027162
0.027042
0.027079
0.027433
0.028225
0.027368
0.027128
0.027009
0.027132
0.027278
0.027641
0.028054
0.027517
0.027166
0.027214
0.029105
0.027300
0.027405
0.027080
0.027168
0.027484
0.027588
0.027270
0.027453
0.027406
0.027142
0.027796
0.027404
0.029474
0.027972
0.027395
0.027262
0.027469
0.027218
0.027518
0.027338
0.027240
0.027192
0.027768
0.028466
0.027241
0.027591
0.027336
0.027232
0.027249
0.028420
0.027259
0.027224
0.027086
0.027010
0.027228
0.027497
0.027428
0.028079
0.027270
0.027232
0.027382
0.027176
0.027092
0.027352
0.027477
0.027153
0.027686
0.027270
0.027736
0.027354
0.027649
0.027098
0.027322
0.027223
0.027238
0.027338
0.028476
0.026915
0.027283
0.027429
0.026959
0.027442
0.027281
0.027140
0.027791
0.027371
0.026920
0.027847
0.027366
0.027218
0.027323
0.027766
0.027250
0.027311
0.026944
0.027141
0.027313
0.027324
0.026803
0.027534
0.027469
0.027534
0.027499
0.027210
0.027454
0.027316
0.027256
0.027383
0.027305
0.027501
0.028017
0.027626
0.027244
0.027200
0.027477
0.027397
0.027381
0.027427
0.027088
0.027344
0.027985
0.027581
0.027144
0.027143
0.027850
0.027146
0.027404
0.027681
0.027384
0.028618
0.027180
0.027098
0.027343
0.027124
0.027097
0.028733
0.027493
0.027880
0.027295
0.027479
0.027436
0.027525
0.027116
0.027173
0.027206
0.027244
0.028617
0.027608
0.027479
0.027149
0.027474
0.027194
0.027213
0.027228
0.027632
0.027229
0.027717
0.027306
0.026899
0.027590
0.027242
0.026899
0.027615
0.027004
0.027023
0.027051
0.027094
0.026881
0.027042
0.026957
0.027236
0.027447
0.027118
0.027488
0.027779
0.027224
0.027325
0.027475
0.027295
0.027750
0.027421
0.027934
0.027234
0.027328
0.027485
0.027165
0.027352
0.027233
0.027203
0.027924
0.027451
0.027570
0.027847
0.027363
0.027285
0.027573
0.027670
0.027305
0.027645
0.027889
0.027902
0.027766
0.027681
0.027823
0.027392
0.027698
0.027786
0.027999
0.028041
0.027944
0.028903
0.029350
0.027719
0.027882
0.027599
0.027577
0.029502
0.029207
0.029308
0.028330
0.027795
0.027842
0.027870
0.027731
0.028301
0.027727
0.028331
0.027692
0.027719
0.027459
0.027910
0.027631
0.027250
0.027350
0.027440
0.027312
0.027188
0.028686
0.027372
0.027408
0.027179
0.026980
0.027174
0.027278
0.027537
0.027226
0.027352
0.028221
0.027335
0.027104
0.027004
0.027054
0.027406
0.027303
0.026935
0.027759
0.027222
0.027194
0.027825
0.027191
0.027269
0.027175
0.027051
0.027300
0.027308
0.027057
0.027522
0.027314
0.027306
0.027335
0.027493
0.027337
0.027146
0.027217
0.027242
0.027124
0.027753
0.027274
0.027199
0.027664
0.026998
0.027515
0.026958
0.027214
0.026908
0.026894
0.026987
0.027245
0.027120
0.027329
0.027228
0.027150
0.027235
0.027080
0.027084
0.027085
0.027481
0.027205
0.026990
0.027142
0.027260
0.027479
0.027266
0.027133
0.027180
0.027011
0.027083
0.027413
0.027421
0.027318
0.027559
0.027333
0.027246
0.027169
0.029912
0.027292
0.027021
0.026943
0.027592
0.027150
0.027038
0.027430
0.027240
0.027646
0.027292
0.027510
0.027382
0.028095
0.027410
0.027208
0.027114
0.027190
0.027113
0.027240
0.027119
0.026979
0.027006
0.027274
0.026867
0.026965
0.027971
0.027197
0.027191
0.027158
0.027069
0.028001
0.029566
0.027613
0.027137
0.027826
0.026957
0.027343
0.028019
0.027264
0.027205
0.027133
0.028906
0.027317
0.027154
0.027631
0.027180
0.027187
0.027086
0.027217
0.027875
0.027220
0.027677
0.027099
0.026869
0.027180
0.027230
0.027002
0.028128
0.027136
0.027227
0.027252
0.027094
0.027491
0.027545
0.027072
0.027728
0.027412
0.027101
0.027252
0.027355
0.027079
0.027201
0.027066
0.026998
0.027845
0.027342
0.027058
0.027226
0.027365
0.027127
0.027697
0.027260
0.027508
0.027114
0.027325
0.027699
0.027617
0.027688
0.027915
0.027246
0.027680
0.027480
0.027345
0.027481
0.027054
0.027191
0.027487
0.027203
0.027061
0.027296
0.027217
0.027505
