824	391	116	58
825	393	115	56
825	394	115	56
826	395	115	55
827	394	114	55
826	394	115	56
827	395	115	56
827	396	115	56
828	397	115	56
829	397	115	56
830	397	115	56
830	398	114	56
831	399	114	56
831	399	114	55
831	400	114	55
833	402	115	55
833	402	115	55
834	402	115	55
834	403	115	55
834	404	116	55
833	405	116	55
835	404	115	55
836	405	116	55
835	404	116	56
836	405	116	56
837	406	116	56
837	406	116	56
837	407	117	56
837	408	117	56
838	409	116	56
837	409	116	56
839	410	116	56
839	411	117	56
839	411	117	56
840	411	118	56
840	412	118	56
840	413	118	56
841	415	118	56
842	416	117	56
842	415	117	56
844	416	117	56
844	417	117	56
845	418	117	56
845	418	117	56
845	419	117	56
846	420	117	56
847	421	118	56
847	421	118	56
849	422	117	55
850	423	116	55
851	424	116	55
852	425	116	55
854	427	115	54
854	427	115	54
856	427	114	55
858	428	114	54
859	430	113	54
860	430	113	54
863	431	111	53
864	432	111	53
866	432	110	53
867	433	110	53
868	434	109	52
870	434	108	52
871	435	108	52
872	435	107	52
874	435	107	51
874	435	107	52
876	436	107	51
878	435	106	52
879	435	107	51
880	435	106	51
881	434	107	52
882	433	107	52
882	432	109	53
883	431	110	53
884	428	111	54
883	427	113	55
884	423	115	57
884	422	117	57
884	418	120	59
883	415	122	61
883	411	126	62
883	406	129	64
883	403	133	66
883	397	137	69
883	392	142	71
884	388	146	74
884	381	151	76
883	377	156	78
882	372	160	80
884	367	165	83
884	363	170	84
885	359	173	86
866	375	176	86
870	374	180	86
870	372	183	86
872	370	186	87
874	368	189	88
875	366	191	88
877	364	193	90
878	364	195	90
881	362	197	90
883	361	198	91
885	360	199	92
886	360	200	92
888	359	202	93
889	359	202	94
894	358	204	94
896	357	204	94
898	356	205	95
900	355	207	96
904	353	208	97
907	352	209	98
909	353	209	98
912	351	211	98
912	351	212	98
916	351	212	99
919	351	213	99
921	351	214	99
923	350	216	99
925	350	217	99
927	350	218	100
929	349	219	101
932	349	219	102
933	348	220	103
935	347	221	103
939	346	221	104
938	346	223	104
941	345	224	105
943	345	224	106
945	344	224	106
947	343	225	107
950	343	225	107
950	344	225	107
952	345	225	106
955	345	225	105
957	346	225	105
959	346	226	105
958	346	226	106
960	346	226	106
961	347	226	106
965	345	227	107
965	347	226	108
969	346	228	109
968	346	228	109
971	345	230	110
973	346	231	110
974	346	232	111
975	345	233	111
976	346	233	112
977	345	235	113
979	345	237	113
980	345	238	114
981	345	238	115
981	345	239	116
982	346	240	116
983	346	240	116
985	348	240	117
986	349	242	117
988	349	243	117
990	350	242	118
989	352	242	118
989	352	244	118
991	353	244	118
989	355	245	118
991	357	245	119
990	358	246	119
991	360	247	120
990	361	247	119
992	362	248	120
992	362	248	120
993	368	248	120
990	368	249	120
993	370	249	121
994	370	248	121
993	375	249	121
993	376	249	121
994	378	248	121
993	382	249	121
994	383	248	122
992	385	249	121
992	388	250	121
992	390	249	121
992	392	249	121
992	394	250	121
993	396	250	120
992	398	251	120
992	402	252	121
989	403	251	121
991	407	252	121
989	408	251	121
988	412	253	120
987	414	252	120
988	417	253	119
988	418	252	119
988	420	251	120
988	422	251	120
987	424	251	120
987	425	251	121
987	427	251	121
987	428	252	121
987	429	251	121
987	430	251	122
987	432	253	121
986	433	252	121
985	436	253	121
983	436	253	122
984	438	253	122
983	438	253	122
982	440	252	123
981	440	253	123
981	441	252	123
980	442	253	122
980	444	254	121
981	445	253	121
980	446	253	121
979	447	254	121
978	447	253	122
977	447	252	122
976	448	253	122
976	450	253	122
976	449	252	122
975	450	252	122
974	451	252	122
972	453	252	122
971	452	251	123
971	455	252	122
970	454	252	123
970	454	251	123
969	454	251	123
968	457	251	123
966	457	252	122
965	458	252	122
963	459	252	122
963	459	253	122
961	460	253	122
960	459	253	122
961	460	252	123
960	459	252	123
959	461	253	123
958	459	253	123
957	460	253	123
958	460	252	124
956	461	253	124
957	461	253	124
957	460	252	124
956	460	252	125
955	460	251	125
954	461	251	124
954	460	251	124
952	463	251	124
950	463	252	123
949	464	253	123
947	463	253	123
946	464	253	122
946	466	254	122
947	464	253	122
946	463	254	123
944	463	254	124
943	463	254	125
944	462	254	125
942	463	254	125
941	462	254	125
941	461	253	125
939	463	253	124
941	462	252	124
940	461	253	124
940	460	253	125
938	460	254	125
938	460	254	125
939	459	253	125
938	459	253	124
937	460	253	123
938	459	253	123
938	460	253	123
939	459	251	123
938	458	252	123
937	459	252	122
935	459	251	122
936	460	252	121
937	458	251	122
936	460	252	121
936	459	252	122
936	458	253	122
936	456	251	123
935	457	253	122
935	454	253	123
934	454	253	123
935	456	254	122
933	453	254	123
933	454	254	122
933	452	252	122
933	451	253	122
932	450	254	122
932	450	253	122
931	451	253	122
929	447	253	123
930	445	253	124
929	448	253	123
928	449	253	122
928	446	252	123
927	448	253	122
927	447	253	122
924	443	253	124
925	442	252	123
923	442	253	123
922	443	254	123
921	442	254	123
920	440	253	123
920	438	252	123
919	440	252	122
917	436	253	123
917	439	253	123
915	436	253	123
914	438	253	122
912	436	253	123
912	436	252	123
911	436	253	122
911	436	253	122
909	436	253	122
908	435	253	122
907	435	252	122
905	434	253	122
904	434	253	123
900	431	254	124
899	432	253	124
897	433	253	124
895	433	254	124
894	433	254	124
893	432	253	123
890	432	253	124
888	431	254	123
885	431	254	123
883	431	254	124
882	431	254	123
879	431	254	123
878	432	254	123
875	433	253	122
874	433	252	120
872	435	252	120
870	431	252	121
869	431	252	122
868	432	252	122
867	433	252	122
865	432	252	123
864	433	252	122
861	432	251	123
860	433	252	123
860	433	252	123
857	432	253	123
857	433	253	123
856	433	253	123
856	433	253	124
854	432	253	124
853	432	252	124
852	432	251	125
851	432	251	126
851	434	250	126
850	432	250	128
850	434	249	127
850	435	249	127
848	435	249	127
850	437	249	126
848	440	250	125
847	439	250	126
848	440	251	126
847	443	252	125
845	440	252	125
847	441	251	125
847	444	251	124
845	444	252	124
846	444	253	125
846	446	253	125
846	447	253	125
845	449	253	124
845	450	253	123
844	450	253	124
845	450	254	124
846	452	252	124
846	452	253	124
846	455	253	124
844	454	254	124
846	457	253	123
846	456	253	123
847	458	253	123
846	459	252	123
847	459	252	123
847	460	252	124
848	460	252	123
848	461	251	124
848	463	252	123
849	464	251	122
849	465	251	122
848	464	252	122
850	465	252	122
850	467	252	122
849	464	252	123
851	465	251	124
853	466	251	123
852	467	250	124
852	469	251	123
853	468	253	123
853	467	253	124
853	467	253	125
853	469	252	126
853	469	252	125
853	470	253	124
853	473	252	123
853	472	253	123
853	473	254	122
854	473	254	122
855	472	255	122
853	472	254	123
854	474	254	122
855	474	255	122
854	474	254	122
855	473	254	122
855	472	253	122
855	474	253	122
855	471	253	124
854	471	253	125
856	471	253	123
855	472	253	123
856	470	253	124
857	471	252	124
857	471	253	123
857	470	254	123
858	469	254	124
858	470	255	123
858	468	255	124
858	467	255	125
857	468	255	124
857	465	255	125
857	463	255	126
857	464	255	127
857	463	255	126
858	463	256	125
858	463	256	124
858	463	255	124
857	459	255	125
858	461	255	123
858	461	255	123
857	460	255	123
856	458	255	123
859	459	254	122
858	457	255	122
859	457	256	122
859	454	256	123
857	453	256	123
857	451	256	125
858	451	255	125
858	449	255	125
857	450	256	125
857	449	255	124
857	449	255	124
858	450	256	123
856	449	256	124
856	450	256	122
857	450	255	122
857	449	255	122
856	450	255	122
856	448	255	122
858	448	255	122
857	447	255	123
857	448	255	123
859	447	255	123
859	444	255	125
859	449	255	124
859	446	255	124
860	445	254	126
861	447	253	126
861	449	253	125
860	449	254	125
860	449	254	125
862	450	254	126
861	450	255	126
862	451	254	126
862	454	255	125
861	453	256	126
860	454	257	126
859	455	256	126
859	457	257	126
859	458	258	125
857	456	258	125
857	461	257	124
858	460	257	125
859	463	257	125
856	464	257	124
853	466	257	123
851	467	256	123
849	469	257	124
848	471	256	124
846	473	257	123
845	473	257	123
843	476	258	124
839	476	258	125
838	480	258	125
835	481	258	125
832	482	259	125
831	487	259	125
827	486	260	124
826	486	260	125
822	489	259	125
819	491	260	125
814	494	259	125
810	496	260	125
805	498	261	124
801	497	261	124
798	500	261	124
792	501	261	124
787	501	260	124
783	503	259	124
778	503	258	124
773	505	258	123
770	504	258	124
764	508	258	123
759	508	258	124
755	509	258	124
747	507	258	125
741	512	257	124
732	510	258	124
729	510	259	124
723	512	259	124
717	513	259	123
707	511	260	123
699	511	261	123
694	514	260	123
687	508	260	125
681	513	258	124
672	509	259	124
666	510	259	124
659	508	259	125
652	508	259	125
647	510	260	125
642	509	259	125
634	507	259	126
628	506	259	127
620	503	259	128
612	503	260	128
608	501	259	128
602	503	258	128
593	501	258	129
587	502	259	128
580	500	258	129
575	502	258	129
566	499	257	130
558	501	257	129
552	499	257	128
546	500	257	128
539	501	258	127
533	498	257	128
526	498	257	128
518	497	258	129
510	496	257	129
505	498	257	129
499	495	256	130
491	495	256	130
483	493	256	132
477	497	257	130
469	494	256	130
463	496	257	130
453	497	256	130
447	495	255	130
443	496	256	130
438	495	256	131
432	497	255	131
424	498	255	130
418	498	254	130
414	499	254	130
407	498	253	130
400	498	253	130
397	500	254	130
391	500	253	130
386	501	253	130
378	501	253	131
372	500	253	132
365	503	253	131
359	501	253	132
353	502	253	131
346	504	254	131
338	506	255	131
334	509	256	129
330	511	255	130
323	510	254	131
318	512	255	131
311	513	254	131
302	514	253	131
294	514	252	132
289	514	253	132
284	513	253	133
278	516	253	132
268	518	252	131
262	516	252	132
256	518	253	132
251	519	254	132
246	519	254	132
242	519	254	133
235	519	253	133
227	522	254	132
219	519	252	134
216	523	253	134
205	522	252	133
203	524	253	133
196	521	251	134
193	524	252	133
188	523	252	134
184	524	252	134
177	522	250	135
176	521	249	134
170	523	250	134
166	523	250	134
162	522	251	134
156	522	251	134
152	521	250	134
149	521	251	133
149	519	251	133
146	519	251	133
141	515	250	134
141	515	249	134
137	513	250	135
137	512	250	134
133	511	251	134
132	507	250	134
129	506	249	134
129	501	249	135
126	500	249	135
126	497	249	135
128	493	249	136
124	495	251	135
124	490	252	134
123	488	251	135
126	484	250	135
129	480	249	137
132	477	249	138
133	474	248	138
135	471	248	138
139	469	248	138
142	466	248	138
145	465	248	137
151	462	248	135
155	460	248	134
160	456	249	133
162	454	249	133
166	453	249	131
175	446	249	132
181	444	249	132
187	440	249	132
192	437	249	132
199	433	249	132
207	428	248	133
215	424	248	135
224	421	249	136
231	418	249	135
239	416	248	134
247	412	249	134
256	408	249	135
265	404	249	135
274	401	249	136
284	399	249	135
