845	392	200	54
844	396	201	52
845	397	202	50
846	398	203	49
847	398	203	49
848	398	203	49
849	399	203	48
850	399	203	48
850	400	203	48
852	400	204	48
852	400	204	48
853	400	205	48
853	399	207	48
853	398	208	48
853	398	212	48
852	398	215	47
851	397	218	47
848	395	223	47
848	394	227	48
846	391	232	50
844	390	236	50
842	389	241	50
840	386	247	51
840	385	251	54
838	384	256	55
837	383	261	56
835	383	266	56
835	383	271	57
832	385	276	57
830	384	281	57
827	385	286	57
826	384	292	57
823	385	299	58
821	384	307	59
818	382	314	60
815	382	322	62
812	382	330	64
808	380	339	66
805	379	349	69
801	380	360	71
795	381	372	70
791	379	383	73
787	381	394	74
783	382	406	75
779	384	416	76
777	384	426	78
773	386	435	81
770	385	445	83
767	390	453	85
763	392	462	87
761	394	470	90
758	394	479	93
757	397	484	95
755	401	489	99
751	405	494	100
750	409	498	101
749	413	503	102
748	418	506	103
747	421	509	105
746	427	511	106
744	432	513	106
747	435	515	107
745	437	516	110
743	439	517	113
743	442	519	115
742	451	520	114
743	455	520	113
742	459	522	112
741	463	523	113
742	466	523	113
739	471	523	113
741	474	525	113
740	479	524	111
739	482	526	111
737	487	527	111
737	492	527	110
736	494	526	108
737	497	528	109
735	501	528	110
734	502	526	110
733	505	528	111
732	507	528	112
732	510	528	112
730	513	527	111
730	515	528	112
729	519	528	111
724	522	528	111
723	526	530	111
721	531	529	109
719	531	530	108
718	535	530	110
716	538	530	108
713	540	532	109
710	544	532	110
710	545	532	109
705	549	533	109
705	552	532	109
704	554	532	109
702	557	531	110
699	560	530	110
695	564	529	109
698	565	530	109
694	569	530	108
691	573	531	109
689	576	532	109
687	579	532	108
684	582	533	107
683	586	533	106
683	588	534	107
680	593	533	107
680	596	533	106
677	599	534	106
676	603	534	108
673	607	534	105
672	611	536	105
670	615	536	105
669	620	537	105
669	623	536	104
670	626	537	105
670	628	536	106
669	631	536	107
670	634	537	107
668	641	538	106
670	644	538	106
671	649	538	105
672	651	538	105
672	656	538	107
672	659	538	107
672	661	538	108
672	665	539	109
674	669	540	108
676	674	540	108
678	676	541	108
678	681	542	107
680	684	542	107
680	685	541	108
682	685	543	111
681	690	544	111
683	695	544	109
688	699	545	108
691	702	546	107
693	705	546	107
696	707	547	106
698	708	546	107
701	713	547	108
704	716	547	107
709	719	548	108
710	719	548	107
711	722	550	107
716	724	552	108
716	723	553	109
719	725	553	109
722	724	553	110
726	727	555	109
728	729	555	108
731	727	556	109
732	730	556	108
737	728	557	108
740	732	559	107
743	733	559	106
746	731	560	107
747	731	559	106
750	731	560	106
751	733	561	106
759	730	562	107
759	728	561	107
760	727	563	107
762	728	565	106
765	725	565	107
766	725	564	107
767	721	564	108
770	722	565	107
774	717	566	110
773	719	567	109
773	718	566	109
777	716	567	109
778	714	567	109
781	711	568	109
780	711	566	109
784	710	567	108
782	708	566	106
784	709	567	104
787	705	569	105
785	703	572	105
785	700	573	105
785	698	571	104
789	696	572	104
785	694	572	105
787	694	570	105
789	692	569	103
791	688	570	103
789	689	570	102
792	686	571	102
789	684	573	103
791	684	573	103
787	680	571	104
792	680	573	103
790	679	574	102
788	677	574	102
789	676	575	101
786	675	576	101
788	674	577	102
786	672	576	101
788	673	579	101
783	670	577	100
787	669	579	101
788	665	578	102
787	665	579	102
788	663	579	102
784	661	576	102
788	662	577	102
787	660	578	102
788	659	579	103
790	658	578	103
791	657	580	101
791	656	579	103
790	654	580	103
794	654	580	104
793	652	581	104
795	652	581	104
793	653	579	102
796	653	579	103
798	654	579	103
800	651	577	104
802	652	577	103
805	653	578	102
804	654	579	101
806	654	579	101
807	652	578	100
808	654	576	100
813	653	577	101
812	655	576	100
813	657	576	99
815	655	575	99
816	656	575	98
815	654	576	98
818	656	575	99
820	655	576	100
818	654	574	100
821	657	574	100
822	656	574	101
825	656	572	102
826	656	572	103
827	657	572	102
828	657	570	103
831	657	570	103
833	657	569	104
835	656	569	105
835	656	568	106
837	658	568	104
839	657	568	105
841	657	569	105
842	658	567	105
844	660	567	104
844	658	567	104
847	657	566	104
847	659	565	105
850	658	563	105
854	657	563	105
857	660	562	106
856	658	559	106
861	657	558	106
861	659	557	105
864	659	557	106
865	658	554	107
867	656	554	107
868	657	553	108
872	657	550	108
876	657	549	107
877	656	547	108
880	655	548	108
881	655	546	107
884	654	547	107
884	653	544	108
887	652	544	109
887	652	542	109
891	653	543	109
894	650	540	111
895	651	540	110
897	650	539	112
898	647	535	111
899	650	535	111
902	647	533	111
904	646	533	111
903	645	534	110
906	643	532	110
908	644	531	110
912	641	530	110
914	642	529	110
913	639	526	110
916	640	527	110
916	639	526	109
918	638	525	109
921	639	523	110
921	637	523	112
922	635	521	112
923	634	521	112
924	632	520	112
927	628	517	116
928	626	517	117
925	630	516	114
928	632	517	115
920	634	518	117
928	630	515	121
920	625	519	127
909	622	528	132
908	613	529	139
917	603	527	141
904	616	531	141
920	604	523	141
908	612	527	138
915	607	522	134
918	603	518	136
916	604	520	135
918	600	513	132
935	600	500	128
937	607	494	119
941	606	485	113
949	609	479	110
952	602	472	108
950	602	464	107
950	597	460	109
950	599	454	108
955	590	455	112
949	594	455	110
949	593	454	109
946	590	455	108
944	592	451	106
941	587	453	108
939	585	449	108
938	584	448	108
947	586	445	107
944	579	444	107
943	584	442	104
940	583	443	102
939	580	440	101
939	581	440	98
937	578	439	97
932	578	436	98
934	573	433	98
931	573	431	97
929	569	430	97
927	570	427	97
930	566	425	98
925	565	422	99
927	563	420	99
924	561	418	98
925	561	414	97
926	557	411	97
923	555	410	97
922	554	407	97
921	552	404	97
919	553	402	96
920	548	399	96
920	548	398	96
920	545	395	97
919	545	393	95
918	544	390	94
918	545	387	93
921	543	386	93
919	540	383	91
917	543	380	90
918	541	378	90
919	542	375	90
920	541	375	90
921	538	373	91
920	539	368	90
922	538	365	90
923	538	363	90
925	536	361	90
926	536	359	90
927	537	357	89
928	537	356	88
930	536	353	89
931	537	352	88
930	537	349	88
931	535	346	88
933	536	343	88
934	535	341	88
938	536	339	87
939	539	336	86
940	538	335	87
940	538	332	88
942	538	332	89
944	537	329	89
945	537	327	90
949	538	326	90
949	541	323	89
950	541	321	90
953	542	319	90
954	543	318	90
958	545	316	89
959	546	315	88
960	547	312	89
962	548	310	88
963	550	308	88
966	554	306	87
968	556	304	87
970	558	302	86
972	556	300	87
976	558	296	87
978	561	294	86
978	561	293	86
980	559	291	87
983	562	287	87
985	565	286	87
986	564	285	88
990	566	282	89
992	565	280	90
996	569	276	89
998	572	274	88
998	572	272	87
1000	573	271	87
1003	572	270	88
1004	575	269	88
1007	575	268	88
1009	574	265	88
1010	577	262	88
1011	574	259	89
1014	575	258	90
1017	573	256	91
1019	577	254	88
1021	576	252	89
1021	578	251	89
1024	574	249	91
1024	573	247	92
1025	571	245	92
1026	570	243	93
1030	563	237	97
1034	572	236	93
1035	568	234	93
1035	562	231	95
1039	566	229	93
1041	567	227	90
1043	562	226	89
1042	559	224	90
1045	557	221	90
1046	549	217	93
1049	542	214	95
1048	538	212	95
1051	534	211	96
1054	538	210	92
1049	519	203	98
1057	521	205	95
1057	513	200	96
1062	513	200	93
1062	506	199	92
1062	495	195	95
1066	496	195	92
1066	489	192	91
1064	472	184	96
1070	467	183	97
1073	461	183	97
1073	449	180	100
1073	440	177	103
1071	420	170	112
1080	423	172	108
1077	405	169	113
1077	395	165	116
1084	394	167	114
1082	378	165	118
1082	360	161	125
1084	350	158	128
1088	339	157	131
1089	327	156	134
1090	313	154	139
1092	304	153	142
1093	294	150	144
1096	285	148	145
1099	279	145	146
1102	271	143	147
1104	261	140	148
1106	256	139	149
1110	251	137	149
1111	245	137	148
1114	235	137	148
1114	230	138	148
1117	221	138	148
1116	215	139	148
1115	207	140	148
1117	202	140	148
1118	196	140	148
1117	192	141	148
1114	190	144	145
1113	185	146	143
1113	181	148	142
1110	177	150	141
1109	172	152	142
1107	171	153	140
1107	163	155	141
1106	164	157	138
1105	164	159	137
1104	160	160	136
1103	165	163	133
1103	165	165	130
1101	165	167	127
1099	172	169	122
1097	176	171	118
1096	182	174	112
1094	197	178	102
1093	199	180	96
1092	205	183	90
1091	206	185	87
1091	208	186	86
1089	210	187	85
1088	209	189	86
1087	216	191	84
1087	215	194	84
1085	222	196	82
1086	218	197	83
1083	225	200	82
1081	227	202	82
1081	233	204	80
1079	233	206	81
1079	238	209	79
1076	242	212	79
1077	245	216	78
1075	251	218	77
1075	253	220	77
1073	254	221	77
1075	262	224	76
1072	263	224	76
1072	266	225	77
1073	269	227	77
1072	273	228	77
1069	278	232	76
1071	280	233	77
1070	284	235	76
1070	287	237	76
1067	291	240	76
1067	295	242	76
1066	298	244	75
1068	300	245	75
1065	301	248	76
1063	303	251	76
1061	304	252	76
1061	305	254	76
1060	306	256	77
1061	306	258	77
1060	308	259	78
1060	309	261	78
1057	310	264	78
1058	309	266	78
1056	311	269	78
1057	311	271	78
1058	310	273	77
1057	311	275	77
1057	311	276	77
1057	311	276	78
1056	311	278	78
1057	311	280	79
1055	311	281	78
1056	310	282	79
1056	308	283	79
1057	307	285	79
1057	307	288	80
1055	306	291	79
1054	306	292	78
1052	306	294	79
1053	306	296	79
1051	306	297	78
1049	305	299	77
1051	306	300	77
1050	305	301	77
1050	304	303	77
1048	304	306	77
1047	302	308	77
1045	300	310	77
1045	302	312	77
1044	301	315	76
1039	300	318	75
1038	299	320	76
1036	300	322	77
1034	295	324	78
1034	298	327	77
1032	296	330	78
1031	293	332	79
1026	294	333	78
1021	292	335	77
1020	292	336	77
1017	291	337	78
1016	290	338	79
1012	292	339	78
1009	292	341	80
1006	293	342	80
1002	296	342	79
999	299	339	78
995	301	338	79
990	305	333	80
986	313	327	80
982	318	320	79
979	326	312	78
977	330	303	78
975	336	296	77
973	343	289	75
971	346	283	74
970	351	278	73
967	356	274	71
964	362	271	69
963	366	268	67
962	370	265	65
960	375	263	63
959	377	261	63
958	380	259	62
957	381	258	61
956	382	257	61
955	383	256	61
953	385	256	62
953	384	255	64
950	387	255	64
950	389	255	64
949	390	255	63
946	394	256	62
946	395	256	62
945	396	257	61
943	396	257	62
941	397	258	62
938	398	259	62
937	401	261	62
935	405	262	61
936	404	263	61
934	406	263	61
932	408	263	61
931	410	264	60
930	411	265	61
929	412	266	61
927	413	267	62
926	415	267	62
925	417	268	61
923	417	268	62
923	418	269	64
922	417	269	65
920	420	269	65
921	420	269	66
919	424	270	65
919	422	270	66
916	424	270	66
917	426	270	66
915	428	270	66
917	427	270	68
913	431	270	68
916	427	268	70
914	432	268	69
914	433	268	69
914	432	267	70
911	438	267	69
914	436	266	70
907	443	268	68
909	441	269	69
909	441	269	69
906	447	268	68
906	445	270	69
903	451	269	67
903	450	269	67
898	456	270	67
898	455	271	69
893	457	272	70
887	460	275	71
879	461	280	74
879	462	282	76
876	461	284	76
883	463	280	76
878	464	280	78
875	466	280	80
878	463	280	79
878	466	278	77
877	466	277	77
877	470	276	76
876	473	275	75
875	475	276	75
876	475	276	75
874	478	275	74
874	478	276	74
872	483	277	74
872	486	277	73
872	489	277	74
872	488	277	72
871	490	277	70
870	493	278	72
873	491	277	72
871	494	278	72
871	497	278	72
871	494	279	72
871	497	279	73
868	499	281	72
868	497	281	70
869	500	282	70
868	501	282	69
867	503	283	68
866	506	284	67
866	508	284	66
866	510	285	65
865	513	286	64
865	513	287	64
864	514	287	64
863	516	288	64
862	518	289	62
863	518	289	62
863	518	290	61
864	520	290	60
863	521	291	59
862	522	292	58
862	524	293	58
861	528	294	57
863	525	296	58
862	526	297	57
863	527	300	57
861	526	301	57
862	524	303	58
862	524	304	59
861	524	306	58
861	525	307	57
860	526	309	57
860	526	311	57
858	527	314	58
857	528	316	58
858	529	317	58
857	529	320	58
857	529	322	58
857	529	324	59
858	527	326	60
858	527	328	61
858	526	331	62
857	525	334	63
858	525	336	64
858	525	337	63
859	523	339	65
857	522	342	66
860	522	343	68
858	520	345	68
858	520	347	68
857	520	350	67
858	520	351	67
858	520	353	67
859	518	355	67
858	517	357	68
859	516	358	68
857	516	360	67
857	516	361	67
859	516	362	68
858	518	363	68
857	515	365	69
857	514	367	71
858	511	369	72
857	515	370	73
858	512	372	73
858	511	373	72
860	509	374	72
857	511	375	71
860	510	376	72
858	511	376	71
857	510	377	71
860	508	378	71
857	510	379	70
857	508	380	70
858	509	380	70
858	512	380	69
858	506	381	71
857	508	382	70
856	511	383	69
857	509	383	69
856	510	383	69
856	509	383	69
856	511	383	69
856	508	383	69
854	508	383	69
855	510	383	68
857	512	384	69
855	514	384	68
855	512	384	69
855	514	384	68
856	515	385	67
856	515	385	68
856	514	386	68
855	519	386	66
853	518	386	66
854	520	386	66
854	519	386	67
854	519	385	68
854	519	385	68
854	521	385	67
853	521	384	68
852	521	384	70
851	521	383	69
850	522	384	69
850	523	384	68
849	525	384	68
849	526	385	67
849	526	384	68
848	528	383	68
848	529	384	67
849	529	382	68
847	531	382	68
847	534	382	67
846	535	383	66
846	537	383	65
844	538	384	65
843	538	385	66
843	539	385	66
843	539	384	67
844	541	382	68
843	541	382	69
842	544	382	67
842	546	382	67
841	546	382	68
840	548	382	68
840	548	383	68
839	549	382	69
839	549	381	69
839	549	380	71
836	550	380	71
838	552	380	71
836	554	380	70
836	554	380	72
835	556	379	71
836	556	379	72
835	558	378	72
832	559	378	72
831	561	379	71
831	564	379	71
830	563	379	71
831	566	378	71
828	565	378	72
829	567	378	71
827	569	377	71
827	569	376	72
826	570	376	73
825	571	377	73
824	572	376	73
824	574	377	74
822	575	376	74
822	576	376	75
820	575	376	75
820	575	376	76
819	577	376	76
818	581	375	76
816	579	375	77
814	581	375	77
813	582	375	76
812	582	375	77
812	583	374	78
811	586	373	79
809	586	372	78
808	586	374	78
806	586	373	78
806	586	372	80
805	590	372	80
803	592	372	79
802	597	371	78
802	594	371	79
800	597	370	80
801	597	369	80
799	599	369	79
797	600	370	79
796	602	369	80
795	602	369	80
794	603	369	80
791	604	370	80
791	604	371	80
790	607	371	80
789	607	371	81
789	607	372	82
788	609	372	82
786	609	373	82
783	611	372	81
785	613	373	81
784	613	374	82
782	614	375	83
782	615	376	83
779	616	376	82
780	617	379	82
779	618	382	82
778	621	384	82
775	621	386	82
774	621	386	83
776	620	388	84
772	627	388	82
774	625	387	82
769	629	387	81
772	629	385	81
769	629	382	81
767	634	381	79
763	632	376	78
764	638	376	77
762	637	372	76
761	638	368	76
763	640	364	76
764	638	361	76
763	634	359	79
763	635	359	81
762	635	358	81
762	637	358	82
760	637	357	82
760	642	358	80
760	642	357	80
760	640	355	81
758	642	354	81
760	641	353	82
759	643	352	82
758	643	352	82
757	645	351	82
757	645	350	83
758	644	350	84
758	647	348	84
759	645	348	84
759	644	346	86
758	644	345	87
759	644	344	89
756	644	343	89
756	644	343	89
755	644	342	90
755	645	343	90
755	645	341	90
754	646	340	90
753	645	340	90
751	646	341	90
750	647	340	91
751	648	339	90
749	648	339	89
748	648	339	89
747	649	338	88
745	649	339	88
745	649	338	88
743	649	338	88
742	648	339	88
742	650	339	88
739	650	338	88
738	649	338	88
737	649	338	88
735	649	337	88
733	649	338	89
732	649	337	88
730	650	336	89
730	648	335	89
728	649	335	89
725	650	335	89
724	651	334	89
722	650	333	89
721	650	333	89
720	651	331	89
720	650	329	90
717	650	329	90
717	652	328	90
714	652	328	90
713	653	327	90
708	654	326	89
708	654	326	89
708	654	324	90
704	655	323	91
703	655	322	91
702	656	321	91
699	657	321	92
698	659	319	92
695	660	319	92
693	660	318	92
693	662	317	93
690	662	318	92
688	664	317	93
687	665	317	93
686	666	315	93
685	667	314	94
683	670	314	94
682	671	313	93
681	672	312	92
679	673	312	93
678	673	311	92
677	674	310	92
677	675	309	93
675	677	309	93
674	677	309	92
672	679	309	91
672	680	308	90
670	683	308	90
670	683	308	90
668	684	307	89
669	684	307	89
668	686	307	88
666	686	307	89
665	687	306	87
665	686	306	87
665	687	305	87
663	687	305	86
662	685	304	87
662	685	303	86
661	683	302	86
662	678	300	88
661	678	299	88
661	677	298	87
659	673	298	88
658	673	297	87
655	671	297	87
656	668	296	87
655	667	296	86
654	666	294	85
653	665	293	84
652	662	292	83
650	660	291	82
650	652	290	83
649	646	289	85
647	646	287	84
647	639	287	84
646	636	286	85
644	630	284	85
642	624	284	86
642	620	283	86
641	612	282	88
640	609	282	88
637	602	281	89
637	599	280	88
634	595	279	88
632	588	278	88
632	583	276	87
631	578	275	88
629	573	275	87
626	567	275	88
625	561	274	88
624	557	274	88
623	554	273	87
621	547	272	87
619	543	271	87
616	536	270	88
614	532	270	87
612	528	270	87
610	523	269	86
610	518	268	86
606	516	268	86
605	509	267	86
602	510	267	84
601	501	265	86
597	499	265	85
595	496	265	85
594	489	264	86
590	491	264	84
589	485	263	84
588	486	263	83
586	481	262	83
584	478	262	83
581	473	261	84
580	470	261	85
577	470	261	84
575	467	259	84
575	469	259	83
572	465	258	83
571	465	257	83
570	461	257	84
568	463	257	83
567	463	256	83
566	461	256	83
565	464	255	82
563	464	254	82
562	463	253	82
560	466	253	80
559	469	252	79
557	468	251	78
556	476	252	75
555	474	252	74
554	478	252	73
553	475	251	75
553	479	250	74
552	479	250	74
552	480	249	74
550	479	248	75
551	486	248	72
551	483	246	73
548	488	246	72
548	489	246	70
544	491	246	70
546	492	246	70
546	495	245	69
544	494	244	70
544	497	244	70
544	496	243	70
544	498	243	71
543	500	241	70
542	498	241	71
543	498	240	71
542	501	240	71
540	502	241	71
540	501	241	72
541	502	240	72
540	502	239	73
540	502	238	73
539	501	237	74
538	501	237	75
537	502	236	75
537	500	237	76
535	501	237	75
534	502	237	75
532	502	236	74
532	501	236	75
532	501	235	75
532	501	235	75
531	502	235	74
531	501	236	75
530	500	235	75
529	498	235	75
529	497	235	76
526	496	234	76
526	491	234	79
527	497	234	76
525	493	234	77
524	490	234	79
524	487	234	80
523	490	234	78
521	489	234	78
522	490	233	77
521	484	233	79
522	487	232	77
521	481	232	79
523	484	232	78
522	484	233	77
520	478	233	80
523	483	233	77
520	474	233	80
522	474	233	81
522	478	232	79
520	475	232	79
522	475	231	79
522	471	230	80
522	473	230	79
524	471	230	79
523	467	229	80
524	468	230	79
525	467	230	79
524	465	229	79
525	461	229	80
526	460	229	80
527	463	229	78
526	462	229	79
528	462	228	78
528	458	228	79
528	459	228	78
530	461	228	77
531	459	228	76
532	458	227	77
533	458	226	77
533	458	226	76
534	456	225	76
534	458	226	75
537	458	226	74
536	456	227	74
538	453	226	74
539	458	226	72
539	450	226	74
540	458	227	71
540	452	227	71
542	454	227	71
543	451	227	72
543	452	227	71
544	448	228	72
545	451	228	72
546	446	228	73
547	447	228	73
548	442	227	75
550	441	227	76
551	437	226	78
552	437	226	78
554	435	225	78
557	437	225	77
557	438	225	76
558	437	225	76
559	434	226	78
560	433	225	78
561	431	225	79
563	434	225	77
563	434	225	76
564	428	225	78
566	432	225	76
567	426	224	78
569	425	224	79
570	426	224	77
571	426	224	78
571	425	224	77
572	422	223	78
573	426	223	77
573	421	223	78
574	419	223	79
575	419	222	79
576	421	223	78
577	417	222	78
579	419	222	78
580	416	223	79
581	413	222	81
582	417	222	80
584	413	222	80
585	415	222	80
584	416	223	79
584	418	223	77
584	418	223	77
585	415	223	78
585	417	223	78
585	417	223	78
585	416	223	78
585	418	223	78
585	420	223	77
585	422	223	76
586	425	223	75
585	427	224	74
585	429	224	74
585	430	225	73
583	433	224	73
585	434	226	73
585	436	225	73
587	439	225	72
589	439	223	73
593	442	222	72
598	443	220	72
602	451	218	70
608	448	215	72
614	455	213	71
620	456	210	71
625	458	207	72
630	460	204	72
634	467	201	71
638	470	198	70
642	476	196	68
645	483	194	65
647	488	192	63
650	487	190	64
653	497	188	62
654	498	186	62
656	502	184	62
659	505	183	62
660	516	183	58
660	516	181	58
660	523	180	57
661	522	180	58
661	530	179	57
660	528	179	60
661	538	179	57
659	533	179	61
658	540	179	62
658	549	179	60
657	546	178	63
654	553	180	63
656	561	179	61
654	559	178	64
654	565	178	64
653	571	178	63
653	574	179	64
652	576	178	65
650	579	179	66
649	583	179	67
648	586	179	69
649	585	179	71
648	588	180	73
646	590	180	74
646	593	180	75
645	594	180	76
644	596	180	77
644	598	180	77
642	599	180	78
641	601	181	79
639	602	181	80
638	605	182	80
638	607	181	81
636	609	181	81
635	611	181	81
636	613	182	81
635	613	181	82
634	613	181	82
634	617	181	81
634	622	182	78
634	623	180	78
633	623	179	78
633	624	178	78
633	624	178	77
634	625	178	76
632	624	177	76
632	625	177	75
631	627	177	74
630	625	177	74
630	628	176	71
630	624	176	72
629	628	176	69
628	622	176	70
630	624	176	69
629	621	176	69
629	619	176	69
629	616	176	69
629	614	176	69
627	610	176	70
627	610	176	68
628	604	176	70
628	602	176	69
628	597	176	70
628	596	176	69
628	590	176	71
628	585	175	73
629	582	174	73
629	578	173	74
630	576	173	74
631	572	173	74
631	571	173	73
632	564	173	74
632	564	172	73
633	558	172	74
634	558	172	73
635	552	171	74
635	550	171	74
635	549	171	73
637	543	171	74
638	545	170	72
639	537	170	74
640	538	170	72
641	531	171	73
643	530	170	73
644	526	171	73
644	526	170	72
646	519	170	73
647	521	170	72
649	512	170	74
650	516	170	72
652	505	170	75
653	510	169	72
655	501	169	75
657	508	170	71
659	503	171	71
660	496	170	74
662	500	169	72
664	492	169	74
665	493	169	73
667	491	168	73
669	489	168	73
670	491	168	71
672	483	168	73
673	488	169	71
674	484	169	72
675	486	168	71
677	481	168	73
678	482	168	72
680	481	167	72
680	476	167	73
681	479	167	73
682	474	167	73
683	475	167	73
683	471	166	74
684	475	167	72
685	468	166	74
686	471	167	74
687	469	166	74
688	469	166	74
688	467	166	75
689	469	166	74
689	466	166	74
689	465	164	75
689	465	164	74
690	462	164	75
689	465	164	73
690	462	164	74
691	467	165	71
691	460	166	73
691	459	165	74
691	459	165	75
691	463	165	72
690	454	165	75
690	458	165	75
689	458	165	74
690	463	165	72
689	455	165	74
690	461	164	72
689	458	164	73
689	459	164	72
688	458	163	73
688	459	163	72
688	458	163	72
688	458	163	71
688	458	163	71
688	456	162	72
687	465	162	67
688	465	163	66
686	461	163	67
686	461	163	67
685	462	163	67
684	460	163	68
684	462	162	67
685	460	162	68
684	464	161	66
683	463	162	66
683	466	162	64
682	468	163	63
682	469	163	62
680	467	163	62
680	470	163	61
679	468	163	61
678	470	164	60
678	471	165	59
677	472	165	58
676	471	165	58
674	469	164	59
674	470	164	59
674	470	164	59
672	472	164	59
672	472	164	58
671	473	164	58
670	474	164	57
669	475	165	57
669	475	165	56
667	477	165	56
665	472	165	57
665	473	165	58
664	472	165	59
663	471	165	61
662	469	165	63
659	467	164	64
660	465	163	66
659	465	163	66
659	467	162	65
657	466	162	66
656	462	162	68
653	467	161	67
653	460	161	70
652	470	160	66
651	465	161	68
651	468	161	67
649	465	162	68
649	465	161	68
648	465	161	68
647	464	161	68
645	463	162	69
645	464	161	69
644	461	161	71
644	467	160	69
644	462	161	71
642	463	160	71
641	462	159	71
641	464	159	70
642	465	159	69
643	464	160	69
641	462	161	69
641	464	160	68
641	463	160	68
641	464	160	68
640	458	160	70
640	468	160	66
639	460	162	69
639	463	161	68
638	459	160	70
638	459	159	70
640	461	159	70
640	464	159	69
641	464	161	69
641	462	161	69
641	461	160	70
642	459	158	72
643	462	158	71
644	462	158	71
644	461	158	71
645	462	158	71
646	466	158	68
646	467	160	68
646	468	161	67
647	469	161	67
647	468	161	67
648	464	161	69
648	457	158	73
651	463	158	72
653	463	157	72
653	459	157	74
654	457	155	75
657	459	155	75
658	455	154	77
660	455	155	78
661	456	155	78
664	457	156	78
663	464	157	75
664	455	156	78
666	460	155	78
667	457	155	79
667	458	154	79
669	457	153	79
670	465	153	76
671	463	152	76
673	460	151	77
673	468	152	74
675	461	152	76
675	466	152	75
675	463	152	76
676	466	152	75
676	467	151	75
678	469	151	74
679	470	150	73
680	472	151	72
680	471	151	72
680	473	152	71
680	471	152	71
682	474	153	70
681	476	154	68
680	473	155	70
681	475	154	70
681	472	154	70
681	472	153	71
681	471	152	72
682	470	151	73
682	471	151	72
682	470	151	72
682	472	150	72
682	474	151	71
682	471	151	71
681	471	151	72
682	478	151	68
679	473	151	69
680	475	151	68
680	472	151	69
681	477	151	67
679	475	152	67
678	473	153	67
678	476	153	66
676	475	153	65
676	473	152	66
676	471	152	67
676	473	152	66
675	470	152	67
676	466	152	68
677	466	152	69
676	467	152	68
677	466	154	68
673	457	151	72
675	455	148	74
678	457	146	73
679	458	147	72
676	455	146	73
678	454	147	73
678	458	148	70
676	453	147	71
677	458	148	68
679	455	148	67
678	453	149	67
678	451	149	67
679	452	150	66
680	449	150	67
679	444	149	68
682	447	149	68
685	446	152	67
679	434	147	72
685	435	145	73
688	439	146	71
688	440	147	69
687	437	146	69
689	438	147	67
688	434	146	68
691	437	146	67
692	434	145	67
693	434	145	66
694	434	147	65
695	431	145	66
697	435	146	64
697	434	145	63
701	435	145	61
699	435	144	59
703	434	144	57
703	436	143	56
705	436	143	54
705	435	142	53
705	433	140	53
707	432	139	53
709	434	139	52
709	433	137	51
712	433	138	51
713	432	139	51
714	432	140	50
714	432	138	50
715	431	138	49
716	431	138	50
718	432	139	49
717	431	137	49
719	430	137	49
721	431	139	49
720	430	138	48
722	432	140	48
721	432	140	48
722	432	140	48
721	433	140	48
721	433	139	48
722	435	140	48
721	435	139	48
722	436	140	48
721	438	139	48
722	439	140	48
721	438	140	48
721	438	140	47
720	441	140	47
721	442	140	48
720	443	138	48
720	444	139	48
720	445	138	49
720	446	139	48
719	449	138	49
719	451	138	49
719	451	138	49
720	454	139	49
719	455	139	49
718	457	138	49
718	459	139	49
719	463	139	49
718	464	139	50
718	467	138	51
719	468	139	51
718	470	138	51
719	473	139	51
717	475	137	51
720	479	138	51
719	481	138	51
720	484	139	51
719	487	139	51
719	489	138	51
718	492	136	52
720	495	137	51
722	498	138	51
719	501	135	50
719	504	134	50
720	507	133	51
721	510	133	51
722	513	133	51
723	515	133	50
722	519	134	50
723	523	135	51
724	526	137	50
724	528	138	50
723	532	138	50
724	535	139	51
725	537	140	51
724	541	139	51
725	544	140	50
726	547	141	50
726	550	142	50
725	553	141	50
726	555	142	50
726	558	142	50
725	561	142	50
725	564	142	50
725	564	142	51
725	568	142	50
726	570	143	50
725	573	142	50
726	574	142	51
724	578	141	51
725	580	141	51
724	582	141	51
725	584	141	52
725	587	141	52
723	588	142	52
723	590	142	52
721	591	142	52
721	592	141	52
720	595	140	52
720	597	141	52
718	599	141	52
716	600	140	52
714	601	141	52
713	604	141	52
714	605	142	52
711	605	141	52
710	607	141	52
711	609	142	51
707	609	141	52
707	611	142	52
705	611	142	52
705	611	142	52
703	612	141	52
703	613	142	52
699	612	142	52
697	613	142	53
696	612	142	53
694	613	141	53
694	613	142	53
691	612	143	53
690	612	143	53
688	612	143	52
688	612	143	52
686	612	143	52
685	612	144	52
682	613	143	53
682	612	144	52
681	612	145	52
680	612	146	52
677	612	145	52
677	612	146	53
675	612	146	53
674	611	147	52
675	611	147	53
672	611	146	53
672	610	146	52
673	611	146	52
670	609	145	52
671	609	146	53
671	609	146	53
671	609	147	53
670	608	147	53
670	608	147	53
671	608	149	53
671	608	149	52
670	606	149	52
671	606	149	53
671	606	150	53
670	606	149	54
670	606	149	54
671	605	149	53
672	605	150	53
672	605	150	53
672	606	150	52
673	605	150	52
673	605	150	52
673	604	150	52
674	605	150	53
674	604	150	53
675	604	151	53
675	604	151	53
676	605	151	54
675	604	150	54
678	605	151	54
678	604	152	53
679	605	152	54
680	605	151	54
679	604	151	54
680	604	151	54
681	604	152	54
680	603	150	54
682	603	151	54
683	602	151	54
684	604	151	54
682	602	150	53
685	602	151	53
684	602	150	53
685	602	150	53
684	602	149	53
686	602	149	53
687	602	149	53
685	601	149	53
686	601	149	54
686	601	149	54
685	599	149	54
684	598	148	54
684	598	148	54
685	598	148	54
685	598	149	54
685	597	148	54
685	596	149	54
686	596	149	54
685	594	149	54
685	594	149	54
686	593	150	54
685	592	150	54
683	591	149	54
683	591	149	54
684	590	149	54
682	588	149	54
683	587	149	54
682	586	149	54
682	586	149	54
681	584	149	54
680	583	148	55
679	581	147	54
679	581	148	54
679	580	148	54
678	579	148	53
678	578	148	53
678	577	148	53
678	576	148	53
676	576	148	53
676	574	148	53
675	574	147	54
675	573	147	54
675	571	147	55
675	571	147	55
675	571	147	55
673	569	146	56
674	568	147	56
672	568	146	56
672	566	146	55
672	566	146	56
671	564	146	55
671	565	146	55
670	564	146	55
670	563	148	54
671	563	148	54
670	563	149	55
669	562	149	55
668	561	149	55
669	561	150	54
667	560	148	54
667	560	148	54
668	560	148	54
668	560	148	54
668	559	148	53
669	560	149	54
668	559	149	54
668	559	149	55
668	559	149	55
669	560	149	55
668	559	149	55
669	559	149	55
669	559	148	55
670	560	148	55
672	560	148	55
673	560	149	55
673	560	149	55
674	561	149	55
674	561	149	55
675	561	149	55
676	563	150	55
676	562	151	55
677	563	152	56
678	563	152	56
679	563	152	57
681	564	152	57
681	563	152	58
683	565	152	58
684	566	152	58
684	565	152	58
687	567	152	58
688	567	152	58
688	568	152	58
689	569	153	58
688	570	151	59
690	571	152	59
692	572	153	58
692	572	152	58
693	573	152	58
694	574	152	58
695	575	152	58
695	577	152	58
695	578	150	58
696	579	149	58
697	580	149	58
699	581	151	58
699	582	151	58
700	582	152	58
700	583	152	58
700	584	152	57
700	585	152	57
700	587	153	57
701	588	153	57
702	590	153	57
702	590	153	57
702	591	154	57
703	592	155	57
704	595	155	57
703	595	156	57
704	595	155	57
703	597	155	58
704	598	156	57
703	598	156	57
703	600	156	57
702	601	157	58
702	601	157	58
701	602	157	58
701	602	158	58
701	602	158	58
701	602	158	58
700	603	158	59
697	602	158	59
698	603	158	59
695	603	157	59
696	604	158	59
696	604	158	59
693	604	158	59
691	604	158	60
689	602	159	59
689	602	159	59
687	602	159	59
687	601	160	59
685	600	161	59
683	599	162	60
680	599	162	60
678	599	162	60
676	597	162	60
675	595	163	60
672	593	164	59
669	592	165	59
669	591	166	59
665	589	166	59
661	587	166	59
661	586	166	60
660	583	166	60
658	582	166	60
656	579	167	59
653	576	167	59
651	575	167	59
650	573	167	59
648	570	168	60
647	568	169	60
646	565	169	60
644	562	169	61
643	560	169	61
641	556	169	61
640	553	169	61
639	551	169	62
637	547	170	62
635	543	170	62
634	540	170	61
632	537	170	61
632	533	171	60
632	530	172	60
631	527	173	60
630	524	173	60
630	521	173	60
630	518	174	60
627	515	174	60
626	510	175	60
622	506	175	60
622	503	174	60
621	500	174	60
621	496	174	61
621	492	174	60
620	489	175	60
620	487	175	60
619	483	175	61
620	480	175	61
619	476	175	62
618	473	175	62
619	470	175	62
618	467	176	61
619	464	177	62
618	461	176	62
618	458	176	62
619	455	177	61
620	453	178	61
621	450	180	61
620	448	181	61
622	448	182	61
621	446	183	62
621	443	183	62
623	442	184	63
621	439	184	64
623	438	184	64
622	436	184	65
622	435	184	65
622	433	184	65
623	433	184	65
623	431	184	65
622	430	184	66
624	430	184	66
625	428	185	65
625	428	186	65
626	427	187	65
625	426	187	65
626	425	187	64
625	425	187	64
626	425	186	63
625	425	185	64
626	425	184	64
626	425	183	64
627	428	183	64
627	427	183	64
626	426	182	64
625	426	181	64
626	428	180	65
626	427	181	64
629	429	182	64
630	430	184	64
627	430	184	64
629	432	185	64
625	433	185	65
626	432	185	65
627	433	186	66
625	434	186	66
624	435	185	67
625	436	185	67
625	438	187	66
620	438	185	67
622	439	185	67
621	442	186	67
622	443	187	67
619	443	186	67
621	447	187	67
617	448	187	67
617	449	186	67
617	451	187	67
618	454	187	66
621	456	188	66
624	458	186	67
631	458	183	69
645	456	179	73
658	448	170	80
676	449	162	83
696	452	156	84
714	459	150	82
729	460	144	81
745	468	140	78
756	470	136	75
763	472	131	73
771	477	127	71
777	481	123	67
782	484	119	65
786	488	115	63
787	490	110	61
789	491	105	60
791	493	101	58
795	495	98	57
796	499	95	56
797	501	93	54
798	503	91	52
800	506	90	50
799	510	89	48
801	510	88	47
800	515	87	45
799	509	86	47
802	520	87	42
799	517	88	42
799	517	87	42
801	521	88	41
800	521	88	40
799	523	88	39
800	526	89	38
798	527	89	37
798	526	89	37
796	527	89	37
797	527	89	37
797	530	89	36
796	530	89	36
795	531	89	35
794	531	88	35
795	531	88	35
794	531	88	35
795	532	89	35
794	533	88	34
794	535	89	33
793	535	88	33
792	535	88	32
792	535	87	32
791	535	87	32
791	535	87	32
791	536	87	31
791	536	86	31
790	536	86	31
789	536	86	32
789	535	87	32
789	536	87	32
789	535	87	32
788	535	87	32
787	535	87	32
787	534	87	32
787	534	87	32
786	534	86	32
786	534	86	32
785	533	85	32
785	534	86	31
785	533	86	31
784	534	87	31
784	533	86	31
783	532	86	31
783	532	87	31
783	532	87	31
782	531	86	31
782	531	87	32
780	530	86	32
781	530	86	32
782	530	87	31
781	529	88	31
781	528	88	31
779	528	88	32
780	527	88	32
780	528	89	32
778	526	88	32
779	527	88	32
778	526	88	32
779	526	88	32
779	526	89	32
777	525	88	32
777	525	88	32
777	524	88	32
776	524	88	32
776	524	88	32
777	524	89	32
776	523	88	32
776	524	89	32
774	523	88	32
773	524	88	32
771	523	90	32
766	522	91	32
760	522	92	33
753	522	94	34
745	521	98	34
731	520	99	35
722	518	103	36
711	518	106	37
705	516	111	37
693	517	114	38
689	514	119	38
683	515	123	39
677	512	126	39
675	513	131	40
671	511	134	42
669	511	137	43
666	509	139	45
662	507	139	47
662	507	141	48
660	506	142	49
660	505	143	50
659	504	145	51
659	503	146	52
657	503	147	52
658	503	149	52
657	503	150	53
656	502	151	53
656	502	151	53
656	502	151	53
656	501	152	53
655	502	152	53
654	501	151	53
655	502	150	53
653	500	149	54
655	501	151	53
654	501	151	53
653	500	151	52
654	501	152	51
652	500	152	51
650	500	152	52
651	499	152	52
651	499	152	52
651	499	153	52
648	497	154	52
648	498	155	52
646	497	155	51
645	498	155	51
645	497	155	51
644	495	154	52
644	495	155	51
642	493	155	52
642	494	155	52
641	493	155	52
641	492	155	53
640	491	155	53
640	492	156	52
640	492	156	53
638	491	155	53
637	490	155	53
637	489	156	53
636	488	157	53
636	487	157	53
634	486	157	54
633	485	158	54
632	484	159	54
632	484	160	54
631	483	160	54
630	482	160	55
630	481	160	55
629	480	161	55
629	480	162	55
628	479	162	55
626	477	162	56
626	478	162	55
625	477	163	55
625	477	163	55
624	477	164	55
623	477	165	55
622	476	165	55
620	475	166	56
618	474	167	56
615	473	168	57
610	472	169	57
606	472	171	58
601	471	173	58
594	470	175	59
587	469	176	60
582	468	179	61
574	467	181	61
568	465	185	61
560	465	190	62
549	465	192	63
544	464	196	64
536	464	201	64
529	464	206	65
520	463	209	66
513	462	212	67
505	462	213	68
498	461	215	70
493	462	217	70
487	462	219	71
480	463	221	71
473	465	224	72
467	465	226	73
460	465	230	74
453	468	234	74
445	469	236	75
436	468	238	76
427	470	241	76
419	471	245	78
408	472	249	78
397	474	253	79
387	475	259	79
377	476	267	81
364	478	274	82
354	480	280	84
346	481	287	85
332	483	290	87
326	484	294	89
321	486	298	90
309	487	296	92
304	487	295	93
302	492	294	93
299	494	295	94
295	498	296	94
289	498	297	94
285	502	299	94
280	503	297	96
278	504	298	96
276	509	300	95
272	513	302	95
268	518	305	95
262	518	307	95
258	521	307	96
254	525	307	96
247	525	307	97
247	527	307	97
241	531	309	97
238	532	309	98
234	536	308	98
228	537	308	98
226	540	309	98
219	539	306	99
221	542	306	99
219	544	307	98
216	545	307	98
213	549	308	98
209	550	306	98
209	551	305	99
205	552	304	99
203	555	304	98
200	555	304	97
201	558	305	96
197	558	305	96
197	561	305	96
196	561	306	96
197	565	308	96
194	566	308	96
193	566	307	96
194	568	307	96
193	567	306	96
193	570	305	96
192	572	306	96
195	571	305	95
194	573	305	95
195	574	304	95
197	575	305	95
199	575	306	95
198	576	308	95
201	574	308	96
204	576	310	97
206	576	313	97
205	573	312	99
208	573	310	99
212	574	311	100
215	574	313	99
218	573	314	99
220	573	314	100
225	572	315	100
228	572	316	101
230	570	316	101
234	571	317	101
237	569	316	101
242	569	318	100
243	567	318	100
247	566	318	101
251	565	319	101
255	565	319	102
258	563	319	102
261	563	321	102
265	561	321	102
266	558	322	102
268	559	321	103
272	557	323	103
274	555	322	103
278	553	324	104
278	553	327	104
277	549	326	104
283	548	329	105
282	547	327	105
284	545	325	106
285	545	325	105
286	543	326	105
288	539	326	105
288	540	328	105
289	536	328	105
290	534	330	104
290	533	331	105
291	528	334	106
291	530	335	106
289	524	335	107
292	524	336	107
290	520	337	106
290	518	338	107
291	516	339	107
289	515	341	107
287	513	341	106
287	509	340	107
288	508	340	107
286	507	340	106
284	503	339	107
282	502	339	107
282	503	341	107
279	499	341	107
278	497	343	106
278	497	345	106
277	495	348	106
276	496	351	106
273	493	352	107
274	495	354	107
270	494	355	107
268	491	354	107
265	488	354	108
264	490	353	108
265	490	353	108
264	490	353	107
263	491	353	107
263	491	356	107
259	490	356	107
259	491	355	107
256	490	357	107
253	493	357	106
253	494	358	105
252	495	360	106
248	494	360	107
247	496	361	107
247	495	361	108
246	499	361	107
248	499	361	107
257	500	359	107
269	503	355	108
287	502	350	108
314	494	339	112
352	491	327	115
393	491	312	115
435	482	295	117
479	479	277	117
515	481	260	116
552	483	251	113
583	482	248	111
610	487	247	107
613	486	244	106
624	489	241	104
631	490	239	103
642	495	239	101
617	500	240	97
653	503	243	94
601	512	251	89
606	516	253	87
610	517	255	86
536	518	257	89
555	527	266	88
548	530	268	89
553	530	269	88
547	528	268	90
567	533	273	87
547	531	269	91
570	532	274	88
585	535	280	83
563	541	281	82
569	544	279	80
568	543	280	76
564	543	282	75
555	547	279	78
545	553	272	84
560	550	272	82
553	552	268	84
552	549	265	84
554	554	263	83
551	556	260	83
552	556	259	83
552	558	256	83
561	552	257	81
552	558	257	81
551	566	254	80
552	561	252	79
547	571	251	80
559	558	250	78
548	568	252	77
545	570	250	76
546	572	249	75
544	569	247	75
540	574	245	75
542	566	243	76
537	576	243	73
538	571	241	73
531	581	241	74
535	569	240	73
527	582	239	72
529	573	237	73
523	586	237	72
526	571	234	72
520	583	233	71
521	572	232	72
517	585	231	72
518	573	228	73
513	584	228	72
515	572	226	73
513	583	225	72
511	585	224	72
511	582	222	74
509	587	221	76
508	578	221	78
504	592	220	77
504	577	219	78
501	589	218	79
501	583	217	80
499	585	216	82
498	582	215	83
496	586	214	86
494	583	213	88
493	582	212	90
492	582	211	92
491	580	211	93
491	576	210	94
487	590	209	95
489	585	208	100
492	582	206	103
492	584	205	105
491	580	205	105
492	584	204	107
492	584	204	107
492	582	202	109
493	579	200	109
493	580	198	110
496	577	196	110
496	578	195	110
497	578	193	110
499	578	192	110
500	577	191	109
503	577	189	108
505	578	188	108
507	579	187	108
510	576	186	107
511	576	184	109
513	577	182	108
515	576	180	108
517	576	178	108
519	576	177	108
522	576	176	108
525	575	174	107
528	575	173	107
530	575	172	107
533	575	171	106
537	571	170	104
539	575	168	105
542	573	167	103
545	574	166	103
548	571	164	103
551	572	164	104
553	573	163	104
557	568	163	103
560	573	163	104
562	570	161	103
565	570	160	103
569	567	160	100
573	567	159	99
575	565	158	99
578	569	157	99
581	567	157	98
583	569	156	99
586	567	156	97
588	568	155	98
591	570	156	96
592	567	156	93
594	567	154	91
597	567	154	88
599	571	154	84
601	574	153	80
600	576	153	76
601	579	152	72
604	582	151	69
604	583	151	66
608	584	150	64
606	583	149	63
616	581	146	65
614	578	145	67
615	578	145	68
619	576	143	70
613	577	145	69
619	581	144	69
610	585	148	66
619	584	146	68
605	591	150	64
613	584	148	66
623	588	142	71
604	592	146	67
616	597	141	71
604	586	147	69
620	602	139	74
607	589	141	72
618	596	136	77
602	591	142	73
615	600	138	76
598	597	144	70
593	597	148	67
595	602	149	66
589	602	152	64
586	603	154	62
586	607	154	62
581	610	156	60
580	613	156	59
577	614	157	59
574	614	157	59
577	620	157	59
569	619	160	56
571	621	160	58
567	622	161	57
566	623	162	57
563	623	163	58
560	625	165	59
558	627	166	60
556	629	169	59
554	628	172	59
551	628	173	60
551	632	175	61
544	625	177	63
546	635	179	63
542	628	181	65
541	639	184	63
538	633	185	64
537	639	188	64
532	639	190	64
532	641	191	64
529	641	193	65
527	642	194	66
524	643	195	67
523	645	196	67
523	647	198	66
520	645	199	68
520	646	200	69
519	655	203	67
515	652	204	68
516	659	208	67
510	661	210	66
510	664	213	65
508	663	215	66
506	664	216	67
505	666	218	67
504	667	221	68
504	671	224	68
500	670	226	69
502	673	228	69
500	678	231	67
498	678	233	68
498	682	235	67
496	682	235	68
497	684	236	68
496	685	237	68
492	681	235	72
498	683	236	72
495	685	236	73
497	687	238	74
495	691	242	73
495	693	244	73
495	695	246	73
495	699	247	72
490	701	248	73
493	701	247	73
494	703	248	73
494	706	250	73
493	710	250	72
492	714	252	71
492	713	253	71
493	716	256	71
491	718	257	70
491	722	257	69
493	722	258	69
486	723	253	69
492	724	252	71
487	725	246	71
488	725	242	71
483	724	232	72
483	728	223	71
486	732	215	69
487	737	208	66
489	738	204	65
490	742	201	63
491	744	198	61
492	743	195	62
492	747	193	61
492	748	192	59
492	751	191	58
492	753	191	55
493	755	192	54
492	756	192	54
492	756	192	54
491	757	193	54
491	759	193	53
490	758	194	53
489	757	195	53
488	758	195	54
488	759	196	54
487	758	197	54
486	758	197	55
485	758	197	55
484	758	197	56
484	757	197	56
482	757	197	56
482	757	197	57
482	756	197	57
479	755	197	58
478	754	198	59
478	753	199	60
476	753	199	61
475	753	199	61
475	753	199	61
474	754	200	60
472	754	200	60
471	754	201	59
470	753	201	59
468	754	202	59
467	753	202	59
465	752	202	59
466	754	203	58
463	752	204	59
462	754	204	58
460	751	205	59
459	752	205	59
458	750	206	60
459	752	206	60
456	751	207	60
456	750	207	61
455	748	207	62
454	748	207	63
452	750	208	62
452	748	208	63
451	748	209	63
450	748	209	64
448	749	210	64
447	748	210	65
446	751	211	63
445	749	211	63
444	752	211	62
444	754	212	62
443	752	212	61
441	755	212	61
441	753	213	60
440	753	213	62
439	755	214	61
438	755	214	61
438	753	215	62
436	756	215	61
435	753	215	62
435	755	215	62
434	753	215	64
432	756	216	63
430	755	216	63
430	757	216	63
428	755	216	64
427	757	216	63
426	755	217	64
424	759	217	64
423	759	218	64
423	757	218	64
421	760	218	64
420	758	218	64
419	760	219	64
417	757	219	66
416	762	220	65
415	759	220	66
416	762	220	65
414	761	220	65
413	762	220	65
412	763	220	65
411	763	220	64
409	763	221	65
408	763	221	65
406	764	221	65
405	765	222	64
405	767	222	63
404	767	222	63
402	769	223	62
401	770	224	61
399	769	224	61
398	771	225	62
396	767	225	63
395	768	226	63
395	770	226	63
393	770	226	63
392	771	227	62
392	771	227	62
390	771	227	62
389	770	228	62
388	770	228	63
387	772	229	63
386	769	229	63
384	770	230	64
383	771	230	64
382	770	231	64
381	770	231	64
380	771	232	63
380	771	233	63
379	771	233	64
379	770	234	64
377	770	234	64
377	769	235	64
375	768	235	65
375	771	235	64
375	769	236	65
373	768	236	66
373	770	236	65
372	768	237	66
371	767	237	67
370	767	238	67
370	769	238	66
369	768	238	68
368	766	238	69
367	766	239	69
367	768	239	68
367	769	239	67
365	767	240	67
364	768	240	67
364	770	241	66
364	769	241	67
362	768	241	67
363	770	241	67
362	769	242	66
361	772	242	66
360	769	243	66
359	771	243	65
359	769	244	66
358	771	244	65
358	770	245	65
356	773	246	65
357	771	246	65
355	771	246	65
355	772	247	66
354	770	248	66
353	772	248	66
352	770	249	67
352	772	249	67
351	772	250	67
350	774	250	67
349	773	251	66
349	775	252	66
348	774	252	66
346	774	253	66
346	773	253	66
345	775	253	66
344	773	254	67
343	774	254	66
343	775	254	66
342	772	255	67
340	774	255	68
339	772	256	68
337	773	257	68
337	772	257	68
334	773	258	68
335	774	257	68
333	773	258	68
332	773	259	68
329	775	259	68
329	772	260	69
327	774	261	68
326	774	261	68
323	773	262	68
323	773	262	68
320	773	264	69
318	773	264	69
316	774	265	68
316	773	266	68
312	775	267	69
313	771	267	71
309	774	268	70
309	775	268	70
307	775	269	69
305	774	270	69
301	776	271	70
301	774	271	70
298	776	271	70
298	773	272	71
295	776	272	70
294	773	272	71
291	775	273	72
289	774	274	71
287	776	274	71
285	776	276	71
282	776	276	71
280	776	277	71
278	776	278	72
276	775	279	72
273	774	279	73
271	774	280	74
269	774	280	74
266	774	281	74
263	775	281	74
261	776	282	73
259	778	283	72
257	777	284	72
254	778	284	73
252	777	285	73
249	779	285	74
247	779	285	74
245	778	286	75
243	777	286	76
239	779	287	75
238	777	287	76
235	779	288	76
233	779	288	77
230	779	288	77
227	781	289	76
224	781	289	76
222	781	289	77
219	784	290	76
218	781	291	76
213	787	292	74
211	785	293	74
206	786	293	74
205	783	294	76
200	787	296	75
198	785	296	75
194	787	297	75
190	787	298	76
188	786	299	76
184	788	300	77
181	788	301	77
179	787	301	78
175	788	302	79
173	787	303	80
168	789	304	80
164	789	304	80
162	790	305	80
160	790	305	80
158	791	305	79
155	792	305	79
151	795	306	77
148	794	306	77
143	796	307	77
142	796	308	77
138	800	308	76
136	797	310	76
133	800	310	76
128	800	311	76
126	798	312	77
121	801	312	76
119	800	313	76
116	802	313	76
114	800	315	77
110	804	315	76
105	802	316	76
103	804	317	75
100	802	318	76
96	802	319	76
93	803	320	76
89	803	321	76
85	805	323	75
82	804	324	75
78	806	325	75
76	803	326	76
73	805	325	76
72	803	325	77
69	803	326	76
67	804	325	77
64	804	326	77
62	804	325	76
59	802	326	77
56	804	327	76
53	804	328	75
49	805	329	75
47	802	331	77
45	804	330	77
43	802	331	78
42	801	330	78
37	803	330	78
37	798	331	80
36	799	330	81
32	800	330	81
30	797	331	82
25	800	331	81
23	798	333	81
23	800	334	81
18	798	335	81
16	795	336	83
15	794	335	83
14	794	334	84
12	793	335	84
11	792	334	85
9	791	336	85
6	791	335	85
4	789	336	86
2	787	337	87
1	784	337	89
0	781	337	90
0	781	336	91
0	779	335	93
0	779	336	92
0	777	334	93
0	775	333	93
0	776	333	93
0	773	332	94
0	775	331	93
0	779	331	89
0	775	330	89
0	774	328	88
0	776	327	86
0	774	327	86
0	776	326	85
0	774	325	85
0	771	324	85
0	770	323	86
0	768	323	86
0	765	321	86
0	765	321	86
0	764	320	85
0	764	319	84
0	762	319	83
0	761	318	82
0	759	317	82
0	759	315	80
0	758	314	79
0	759	313	78
0	753	310	79
0	755	309	79
0	752	308	79
1	750	306	80
1	752	305	80
0	749	304	80
2	743	302	83
0	746	302	82
2	743	301	82
2	742	301	82
0	740	302	83
1	737	301	84
1	734	301	84
2	733	300	82
0	735	300	81
2	735	299	80
0	737	299	78
0	736	298	78
1	731	296	79
0	736	296	77
1	730	295	78
1	734	294	77
1	732	293	78
0	731	293	78
2	725	291	80
1	731	291	77
2	725	291	79
1	725	290	79
2	725	289	79
2	723	289	78
3	721	288	80
4	717	287	83
1	718	287	83
3	713	286	85
3	716	286	84
5	707	285	87
5	712	284	85
6	706	284	88
6	706	284	89
6	703	284	89
6	701	284	90
5	702	286	89
4	706	286	88
5	699	286	90
4	703	287	90
6	695	287	94
6	698	288	94
5	696	289	93
5	695	290	94
5	695	290	94
5	693	291	94
5	694	292	93
6	693	292	94
6	688	293	95
6	688	294	95
5	687	296	94
5	686	297	94
5	685	298	94
4	684	299	93
4	686	301	92
4	676	303	94
3	678	305	94
4	677	305	95
2	677	307	93
5	674	308	93
6	673	309	94
3	676	312	91
5	667	314	93
8	665	314	95
7	663	315	96
9	660	315	96
14	657	315	96
8	663	318	94
8	665	321	92
9	661	324	91
4	661	327	89
5	664	328	87
5	667	331	84
3	663	336	83
3	664	337	81
3	659	340	83
3	661	341	82
3	660	342	82
3	655	345	83
2	652	346	84
3	648	348	87
3	644	348	90
3	643	350	90
2	642	353	91
3	638	353	93
1	638	354	92
1	637	355	91
2	634	356	92
2	633	356	92
1	633	357	92
0	631	357	92
0	633	358	91
0	633	360	89
0	633	361	88
