1002	472	49	30
1002	473	49	29
1001	474	49	28
1001	474	49	28
1001	475	50	28
1000	474	50	28
1000	475	49	28
999	474	49	28
1000	475	49	28
999	475	49	28
999	474	49	27
997	475	49	27
997	474	50	27
997	475	50	27
996	475	50	27
996	474	50	27
995	475	50	27
995	474	49	27
994	475	49	27
995	475	49	27
995	474	49	27
997	470	51	28
998	467	53	30
1000	464	55	31
1001	462	57	32
1002	459	59	33
1003	457	60	34
1004	454	62	36
1004	452	64	37
1005	449	66	38
1006	447	68	39
1007	444	69	40
1008	442	71	41
1009	440	73	42
1009	438	74	43
1009	436	76	44
1009	435	78	45
1009	434	79	45
1009	430	80	46
1009	429	81	47
1010	429	83	47
1010	428	84	48
1010	426	85	49
1011	424	86	50
1011	423	87	50
1011	423	88	51
1011	422	89	52
1012	421	90	52
1012	420	92	53
1012	419	93	53
1013	417	95	53
1014	416	97	53
1013	416	97	54
1014	413	99	55
1014	413	100	56
1015	411	101	56
1016	411	101	57
1015	410	101	58
1017	410	101	59
1016	411	102	59
1015	410	102	59
1016	410	102	60
1016	412	102	60
1015	412	102	61
1016	412	102	61
1017	412	102	61
1017	413	102	61
1017	413	102	61
1017	413	102	61
1017	413	102	61
1017	414	102	62
1017	415	102	62
1018	415	101	62
1017	417	101	61
1018	417	101	61
1019	418	101	61
1019	417	100	61
1019	418	100	61
1021	419	99	61
1020	420	99	61
1021	420	98	61
1022	420	97	61
1022	421	97	61
1023	422	97	61
1023	421	97	62
1024	422	97	62
1024	423	97	62
1025	423	96	62
1025	424	96	62
1026	424	95	62
1027	425	95	62
1027	426	95	62
1029	425	94	62
1030	426	94	62
1031	426	94	62
1031	427	93	62
1032	426	93	62
1033	427	93	62
1035	426	92	63
1036	427	91	63
1038	427	91	64
1040	426	90	64
1041	426	89	64
1042	426	89	64
1043	425	89	64
1045	425	89	64
1045	425	89	64
1046	425	89	65
1048	425	88	65
1050	425	88	65
1050	425	88	65
1052	424	88	64
1053	423	88	65
1056	423	88	64
1056	424	88	64
1059	422	89	65
1060	423	89	65
1061	422	90	65
1063	421	91	64
1064	421	91	64
1066	421	92	63
1069	421	92	62
1071	421	93	61
1072	420	94	61
1073	419	94	61
1075	419	95	61
1077	418	95	61
1079	417	96	62
1082	415	96	62
1083	415	97	62
1085	414	98	62
1088	413	98	62
1090	412	98	61
1092	411	98	61
1095	411	99	61
1098	409	99	60
1099	409	99	60
1101	407	99	60
1104	408	99	60
1107	407	100	60
1110	409	100	60
1110	406	102	60
1113	407	102	60
1116	406	102	60
1118	403	103	60
1120	405	103	60
1122	405	104	61
1125	403	104	61
1126	402	104	61
1129	403	105	61
1131	402	106	61
1133	401	106	60
1135	401	107	60
1136	402	108	60
1137	401	109	59
1140	401	110	59
1142	401	111	59
1144	402	111	59
1145	402	112	60
1147	401	112	59
1149	402	113	60
1150	402	113	60
1152	402	113	60
1155	402	114	60
1157	401	114	59
1156	402	114	59
1159	402	115	58
1160	404	116	58
1162	404	116	59
1163	405	117	59
1166	405	117	59
1167	405	117	59
1169	406	117	58
1169	406	119	57
1171	407	119	57
1172	408	119	57
1174	409	120	57
1174	409	120	56
1176	410	120	57
1177	411	121	57
1177	411	122	57
1178	413	123	57
1180	415	122	58
1180	413	123	58
1182	415	124	58
1182	415	125	59
1183	417	125	59
1183	416	126	59
1184	418	127	59
1184	418	128	59
1185	418	128	59
1185	421	128	59
1186	421	129	59
1186	421	130	59
1185	422	131	59
1186	423	132	59
1186	422	132	59
1186	425	132	59
1187	423	133	58
1187	425	133	58
1187	425	134	58
1187	425	135	59
1188	426	135	58
1187	426	136	58
1188	427	137	58
1188	427	138	58
1188	427	138	58
1188	428	139	59
1190	427	139	59
1188	429	138	60
1189	429	139	59
1188	428	139	59
1190	429	140	58
1190	430	139	58
1190	429	138	58
1190	430	139	58
1191	430	139	57
1189	430	138	57
1189	430	139	57
1190	431	140	56
1190	431	140	57
1190	430	140	57
1189	431	141	58
1188	431	142	58
1188	432	142	59
1187	432	142	59
1188	431	143	59
1186	432	142	60
1186	432	142	59
1187	433	142	59
1187	433	143	59
1187	433	142	58
1187	433	141	58
1187	434	141	58
1186	434	141	57
1187	433	141	56
1185	435	139	56
1188	434	140	55
1187	437	140	56
1187	436	141	56
1184	436	139	57
1187	435	139	56
1187	438	141	54
1186	438	141	56
1183	440	140	57
1185	438	140	57
1185	439	140	57
1186	438	140	56
1186	441	142	57
1184	440	141	57
1185	441	141	56
1184	442	142	57
1186	442	142	56
1185	443	144	57
1186	444	144	57
1186	445	144	58
1185	444	143	58
1184	446	142	58
1185	447	143	58
1185	447	143	58
1185	446	142	57
1183	449	143	58
1185	447	142	57
1184	450	141	57
1186	449	140	56
1187	452	141	55
1185	452	138	56
1187	454	139	56
1190	452	138	55
1188	456	139	55
1187	453	138	55
1189	457	140	54
1190	456	139	54
1188	459	139	56
1190	459	139	56
1188	459	138	57
1193	460	138	56
1191	461	137	57
1193	462	137	56
1194	463	137	56
1193	464	136	56
1196	463	137	57
1191	465	136	57
1195	465	138	56
1193	466	137	57
1194	466	137	55
1194	469	140	56
1192	469	139	57
1197	470	139	57
1195	471	137	57
1198	469	138	56
1195	472	137	57
1199	472	139	54
1197	475	141	55
1197	474	140	55
1200	474	139	54
1199	477	141	55
1198	475	140	55
1197	478	141	55
1197	476	139	54
1197	479	141	53
1198	480	142	53
1197	481	141	53
1198	483	142	54
1200	481	141	53
1198	484	141	53
1199	481	140	52
1199	484	140	52
1201	485	140	50
1200	486	140	50
1201	486	139	50
1204	487	138	49
1206	488	138	48
1203	487	137	48
1210	489	135	47
1216	492	130	48
1212	491	127	46
1218	494	122	47
1223	494	119	45
1223	496	113	45
1225	495	108	44
1225	496	102	43
1226	497	96	42
1226	497	92	41
1227	498	89	40
1228	501	87	40
1228	502	85	39
1227	504	85	38
1228	504	84	38
1228	506	84	38
1227	507	84	37
1227	507	84	37
1226	509	84	37
1226	510	84	37
1224	511	84	37
1224	513	84	37
1223	513	84	37
1222	514	84	37
1222	515	84	37
1221	516	84	37
1220	517	84	37
1220	518	84	38
1219	519	84	38
1218	520	84	38
1217	521	84	37
1217	522	84	37
1217	523	84	38
1215	524	85	37
1215	526	84	38
1215	527	84	38
1212	528	84	38
1213	529	83	38
1212	530	83	38
1212	531	83	38
1210	533	83	38
1209	533	84	38
1208	534	84	38
1207	536	84	38
1207	537	83	38
1206	538	83	38
1204	539	83	38
1205	540	83	38
1204	542	83	37
1202	542	83	37
1201	543	83	37
1200	544	84	38
1200	546	83	38
1199	546	83	38
1198	548	83	37
1196	549	84	38
1197	549	83	38
1196	549	83	38
1195	551	83	38
1195	551	82	38
1192	552	83	38
1192	552	82	38
1190	554	83	38
1189	554	83	38
1189	554	83	38
1187	556	84	38
1186	556	84	38
1184	556	84	38
1184	558	84	38
1185	559	84	38
1182	558	84	38
1181	558	84	38
1180	559	84	38
1179	560	84	38
1178	560	84	38
1178	561	84	38
1177	562	84	38
1176	561	84	38
1174	563	84	38
1173	563	84	37
1173	563	84	37
1171	563	85	38
1170	563	84	38
1170	564	84	38
1168	563	84	38
1169	564	83	38
1167	565	83	38
1165	564	83	38
1164	565	84	38
1163	565	84	38
1161	565	84	38
1161	565	84	38
1159	566	84	38
1158	566	84	38
1158	566	84	38
1155	567	85	37
1155	567	85	37
1153	566	85	38
1153	566	84	38
1152	566	84	38
1151	566	84	38
1150	567	84	38
1149	567	84	38
1147	568	84	37
1146	567	85	38
1144	568	84	37
1143	568	84	38
1143	569	84	38
1141	570	84	38
1140	570	84	38
1138	571	84	37
1138	571	84	37
1136	571	84	38
1135	570	84	38
1134	573	84	38
1133	571	85	38
1133	573	84	38
1131	573	84	38
1130	573	84	38
1129	573	84	38
1128	574	84	38
1127	574	84	38
1126	574	84	38
1126	575	84	38
1124	576	84	39
1123	577	85	38
1122	577	84	38
1121	577	84	38
1120	577	84	38
1120	578	85	38
1119	579	85	38
1118	580	85	38
1118	581	84	38
1117	582	85	38
1117	582	84	38
1117	583	84	38
1116	584	84	38
1115	585	84	38
1115	585	83	38
1115	585	84	38
1114	587	84	38
1114	588	84	38
1113	588	84	38
1112	589	84	38
1113	589	84	38
1112	590	84	38
1111	592	84	38
1111	591	85	38
1111	592	85	38
1111	593	85	38
1111	593	84	38
1112	594	84	38
1112	595	84	38
1112	595	84	38
1112	596	84	38
1112	596	84	38
1112	596	84	38
1112	597	84	38
1112	598	84	38
1114	598	84	38
1113	598	84	38
1113	599	84	38
1113	600	84	38
1114	601	84	38
1114	601	84	38
1114	601	84	38
1114	601	85	38
1116	600	84	38
1115	602	85	38
1117	601	84	38
1117	601	84	38
1117	602	84	38
1118	602	84	38
1118	603	84	38
1120	602	84	38
1120	603	84	38
1121	602	84	38
1121	603	84	38
1122	603	84	38
1121	602	85	38
1123	602	84	38
1124	601	84	38
1124	603	84	38
1125	603	84	38
1126	603	84	38
1126	602	84	38
1126	602	85	38
1127	602	84	38
1128	601	84	38
1127	602	85	38
1129	601	85	38
1130	602	85	38
1130	601	85	38
1130	602	84	38
1131	599	84	39
1133	599	84	39
1133	599	84	40
1135	598	83	40
1135	597	83	41
1134	596	83	41
1137	595	83	42
1137	594	83	43
1137	594	83	43
1137	594	83	43
1136	594	84	43
1140	593	83	43
1138	594	84	43
1140	594	84	42
1140	594	83	42
1141	594	83	42
1141	594	83	42
1140	596	83	41
1141	596	83	40
1140	596	83	40
1142	597	83	39
1142	597	84	39
1138	598	86	38
1141	598	85	38
1143	598	85	37
1144	599	85	37
1141	598	85	37
1143	597	85	37
1142	598	86	37
1144	598	86	37
1142	598	86	37
1144	598	86	37
1145	596	85	37
1146	598	85	37
1146	597	85	38
1147	597	85	38
1146	597	85	38
1148	598	85	38
1149	598	84	39
1149	598	84	38
1149	598	84	38
1148	600	85	37
1148	600	85	37
1145	600	87	37
1146	600	87	37
1147	599	88	37
1145	599	89	37
1148	601	89	38
1147	599	89	38
1143	603	89	38
1144	601	90	38
1142	601	90	38
1143	604	90	38
1144	604	92	37
1144	603	93	36
1142	605	94	36
1143	604	94	36
1141	605	94	36
1143	605	93	36
1142	606	93	36
1144	606	94	35
1143	606	93	35
1142	607	92	36
1142	608	93	36
1142	609	94	35
1141	608	94	35
1138	609	93	36
1140	609	94	36
1139	611	94	36
1137	611	93	36
1136	610	92	36
1135	611	92	36
1135	610	91	37
1133	612	91	37
1133	612	90	37
1132	612	91	38
1132	612	91	37
1130	614	92	37
1130	613	94	37
1129	615	94	38
1130	614	96	38
1129	617	99	38
1129	617	102	37
1128	618	104	36
1128	619	106	36
1125	620	107	36
1123	620	108	35
1120	621	106	36
1121	622	106	35
1120	623	107	35
1120	623	108	35
1118	623	109	35
1117	624	110	36
1115	624	111	35
1115	624	112	36
1112	624	112	36
1110	623	111	37
1109	624	110	37
1108	623	109	37
1106	623	109	38
1104	623	108	38
1102	624	108	38
1101	623	108	38
1100	622	104	39
1096	620	99	40
1100	619	94	42
1099	619	91	42
1100	619	90	42
1100	620	89	42
1099	621	89	41
1097	620	88	42
1099	620	88	42
1097	620	88	41
1097	619	87	41
1096	618	87	42
1096	617	86	42
1095	616	85	43
1093	615	84	44
1093	615	83	44
1094	615	83	43
1092	615	84	43
1092	615	84	43
1091	615	84	42
1090	614	84	42
1088	613	83	42
1089	614	83	41
1087	613	82	41
1089	612	81	41
1087	613	81	41
1087	611	82	41
1085	612	82	41
1086	611	82	40
1085	612	82	40
1085	610	82	40
1085	609	82	40
1084	609	82	40
1082	609	83	40
1082	607	83	40
1082	607	82	40
1080	606	82	40
1081	607	82	39
1079	606	82	39
1080	604	81	40
1079	604	81	40
1079	603	81	40
1078	603	82	40
1078	603	82	40
1077	602	82	39
1077	601	82	39
1076	600	82	40
1076	601	83	40
1073	600	83	39
1075	599	82	40
1073	600	83	39
1072	598	83	40
1072	598	82	40
1071	597	82	41
1071	596	83	41
1069	596	83	41
1069	596	84	41
1067	596	84	40
1067	595	84	40
1066	596	84	40
1065	596	84	41
1064	596	84	41
1065	595	83	41
1063	595	84	41
1063	595	84	41
1062	595	84	41
1060	595	84	41
1060	595	84	41
1059	594	84	42
1058	595	85	41
1058	595	85	41
1055	595	86	41
1057	595	85	41
1053	596	86	41
1053	596	86	40
1053	596	86	40
1050	598	86	40
1050	597	86	41
1050	597	86	41
1048	598	86	41
1047	598	86	41
1048	598	86	41
1046	600	86	41
1044	599	87	41
1042	600	89	41
1043	600	88	42
1043	600	88	42
1040	601	89	42
1042	600	89	42
1040	601	89	42
1037	602	90	42
1037	602	91	42
1036	602	91	42
1036	601	90	43
1034	602	90	43
1035	600	88	44
1034	601	89	43
1032	601	89	43
1033	603	88	43
1033	601	87	44
1031	603	88	43
1031	602	88	44
1030	604	90	43
1030	602	90	44
1028	603	89	44
1028	603	89	44
1029	603	90	44
1026	604	93	44
1031	602	95	44
1028	602	99	44
1024	604	102	44
1023	604	102	46
1025	602	104	46
1018	603	107	45
1020	602	109	46
1017	602	110	46
1013	603	113	47
1015	600	115	47
1011	601	116	49
1009	600	118	49
1009	601	119	49
1008	599	119	49
1008	600	120	50
1007	599	120	50
1008	599	120	51
1008	597	119	52
1008	597	119	51
1009	595	118	50
1007	595	118	50
1008	594	117	50
1007	595	118	50
1007	593	117	51
1007	596	117	52
1006	593	118	52
1006	595	118	54
1006	594	117	54
1006	593	117	55
1005	594	117	55
1005	594	116	57
1006	592	115	59
1006	591	113	61
1005	589	113	61
1006	588	114	59
1006	590	114	61
1006	586	114	60
1006	591	114	61
1006	585	114	61
1006	589	115	61
1006	587	114	63
1006	583	114	62
1005	586	114	62
1007	581	113	61
1005	584	112	62
1005	582	112	62
1005	584	112	64
1006	580	112	64
1006	582	111	66
1006	580	110	66
1006	579	109	67
1007	579	109	67
1006	577	108	67
1005	578	108	67
1006	579	107	68
1007	577	107	69
1006	576	107	68
1007	576	106	68
1008	576	106	68
1007	575	107	66
1006	576	106	66
1007	576	106	67
1006	573	106	65
1005	576	106	65
1008	576	106	66
1006	576	106	67
1007	577	106	68
1006	575	106	68
1007	576	105	69
1007	575	105	70
1007	575	104	70
1008	575	104	71
1006	576	104	71
1007	575	105	70
1006	575	105	71
1006	575	104	71
1006	576	104	72
1006	576	104	71
1007	576	105	71
1007	577	104	72
1007	576	104	73
1006	578	103	73
1006	576	103	74
1006	576	103	73
1006	576	103	73
1005	577	103	73
1006	578	104	73
1004	577	104	73
1005	578	105	73
1005	579	105	74
1003	578	105	74
1003	579	107	73
1001	580	108	72
1002	579	108	71
1002	581	107	72
1001	582	108	71
1002	582	108	72
1004	579	107	72
1004	582	105	73
1004	582	105	73
1004	582	105	73
1004	582	105	74
1005	583	104	74
1004	582	103	75
1004	583	104	74
1005	583	105	74
1005	583	104	74
1006	584	104	73
1005	584	104	73
1006	585	103	73
1006	584	103	73
1007	585	102	74
1007	585	102	74
1007	586	103	74
1008	585	103	75
1008	588	102	74
1007	588	102	74
1007	587	103	74
1008	587	102	74
1009	588	102	74
1009	588	102	74
1010	589	102	74
1010	588	102	74
1011	590	102	73
1010	590	102	74
1011	587	101	74
1012	590	102	74
1012	588	101	74
1013	590	102	74
1014	588	102	74
1014	590	102	74
1015	591	102	74
1015	588	102	74
1016	590	102	73
1015	592	102	73
1016	589	103	74
1016	590	102	74
1017	589	103	74
1018	589	103	74
1019	591	103	75
1019	589	103	76
1020	588	103	76
1020	587	103	75
1021	588	103	75
1021	588	103	74
1021	587	104	74
1022	587	104	74
1023	588	104	73
1023	587	104	73
1024	587	104	73
1024	587	105	74
1024	586	105	74
1025	584	105	74
1025	587	105	74
1025	584	106	75
1025	583	106	75
1024	584	107	74
1024	583	108	73
1025	582	107	73
1023	583	108	73
1025	581	108	73
1025	579	107	75
1024	580	107	75
1024	577	107	75
1024	577	107	75
1024	573	106	76
1024	573	106	75
1024	573	106	73
1021	572	107	73
1022	570	107	72
1022	570	106	72
1019	570	108	72
1018	569	108	72
1017	566	108	72
1016	565	108	71
1015	564	107	72
1012	563	108	70
1013	560	108	71
1011	559	108	72
1011	558	107	73
1010	558	107	74
1008	556	108	75
1006	552	108	74
1004	550	108	74
1002	549	108	74
1001	548	108	74
998	543	109	74
997	546	109	74
995	543	109	74
993	541	109	74
990	537	110	74
986	539	110	74
986	535	109	73
984	535	109	73
981	534	109	72
978	531	109	72
978	528	109	72
974	531	110	72
973	524	110	72
971	525	110	72
970	523	110	72
966	522	111	72
965	518	110	72
962	519	111	71
961	517	111	72
958	516	111	72
957	514	110	73
953	514	111	73
950	510	111	73
949	510	111	73
949	507	112	74
945	506	115	75
944	503	116	76
941	500	119	78
938	498	121	80
935	498	123	81
934	495	125	83
931	493	127	85
928	489	130	85
924	490	132	86
924	487	135	86
920	486	137	87
917	485	139	89
914	478	142	88
910	483	143	89
910	474	145	88
908	480	147	89
906	470	148	88
904	478	150	88
905	471	149	89
903	482	149	88
901	475	150	88
900	474	150	91
898	467	149	93
897	473	149	94
897	469	150	94
897	468	150	94
896	465	150	93
894	468	152	93
895	466	151	94
894	468	150	95
894	464	150	95
893	466	150	96
894	465	150	99
895	463	150	99
893	462	150	99
894	459	150	99
894	461	149	99
894	462	150	99
894	460	151	97
893	458	150	96
894	460	150	95
894	458	151	95
895	461	151	96
893	459	152	96
894	457	152	97
896	460	152	96
897	458	151	95
896	461	152	96
897	457	153	96
897	458	153	97
898	457	153	99
899	456	152	100
900	452	152	99
898	459	152	99
899	453	152	98
898	460	153	99
899	457	154	98
899	452	153	99
900	460	152	102
900	457	153	101
901	453	152	101
902	460	152	101
901	453	153	101
902	459	153	101
902	453	154	100
901	460	155	99
904	454	154	99
900	464	156	98
902	460	156	97
901	459	157	96
895	466	160	94
900	460	159	95
901	467	158	96
902	462	158	95
902	468	157	96
904	465	157	96
901	468	158	97
902	471	158	100
903	467	157	100
902	473	158	99
905	471	158	99
907	477	157	100
904	476	157	101
907	476	156	103
906	475	155	103
908	479	155	103
906	480	155	101
908	483	155	101
907	486	155	103
909	489	155	103
907	484	155	103
908	491	155	103
908	490	155	103
909	489	155	102
908	493	154	104
909	495	154	104
908	493	154	102
905	503	155	104
907	500	155	107
908	505	154	109
909	502	154	110
909	508	153	109
907	505	154	108
908	509	154	107
908	512	154	107
908	511	154	105
905	513	155	104
906	520	155	104
907	516	154	103
904	522	155	103
906	528	155	103
905	526	156	104
907	526	155	105
907	526	155	105
904	536	157	103
906	534	158	102
905	532	157	104
904	539	157	104
905	543	157	107
904	537	158	106
905	540	158	107
905	542	157	110
905	542	157	109
905	542	157	110
906	541	156	110
906	544	156	110
906	541	155	109
906	548	154	110
908	546	154	110
908	550	154	111
909	554	154	111
908	547	154	110
906	558	154	110
906	555	155	110
905	559	155	113
904	556	155	114
904	553	156	113
904	561	156	117
905	561	156	115
905	560	156	116
905	565	155	119
905	557	156	117
906	566	155	118
905	558	156	117
906	561	156	117
906	558	155	116
907	565	154	118
906	561	155	116
907	564	155	114
907	564	155	113
907	565	156	114
907	564	156	112
906	563	157	112
907	562	157	113
907	559	156	114
908	562	156	114
908	562	155	116
909	559	155	118
909	558	154	117
910	559	155	119
911	562	155	121
909	564	154	123
911	560	155	120
910	557	155	119
912	560	155	122
911	560	156	121
913	562	156	120
912	558	156	119
913	555	156	119
914	557	156	120
914	556	156	120
915	553	155	119
916	556	156	120
916	550	156	118
919	552	156	117
918	554	155	119
920	553	155	120
920	552	154	121
921	545	155	116
922	554	154	118
923	550	155	118
924	555	155	121
923	555	156	118
922	553	156	117
926	552	156	118
926	554	157	119
926	549	157	117
927	554	158	115
926	546	158	114
927	550	158	114
929	546	158	111
930	546	158	108
930	547	157	108
931	543	156	108
932	548	156	107
933	544	156	105
934	544	157	104
934	543	157	102
936	543	157	101
935	543	157	99
936	545	158	98
936	538	158	98
937	543	159	97
939	545	160	96
939	544	158	97
941	542	158	97
942	543	158	96
942	540	159	97
941	541	159	98
945	542	159	97
944	542	158	98
946	545	157	99
947	538	157	100
948	541	157	101
948	541	155	103
950	539	156	103
951	539	157	101
951	541	157	101
951	536	158	101
950	545	159	103
952	538	158	102
952	542	159	102
953	536	159	101
955	545	161	100
953	538	161	100
957	544	162	99
957	542	161	99
956	544	162	99
959	547	162	99
959	539	162	100
961	548	162	100
960	538	161	99
961	548	162	100
961	541	160	101
965	549	161	102
965	542	160	102
966	550	161	102
966	542	160	103
967	549	162	102
967	546	161	103
969	549	162	102
968	547	162	103
972	548	163	100
971	548	164	100
971	549	164	98
973	550	165	97
974	552	165	98
974	554	165	101
975	548	163	102
977	551	164	101
977	555	164	102
979	553	163	104
979	552	164	104
981	551	163	103
981	553	164	103
982	552	163	102
984	551	164	101
981	556	167	100
981	551	166	100
982	555	167	99
985	554	167	99
986	554	167	100
985	558	168	99
984	551	169	100
986	553	169	99
986	555	169	97
987	555	169	97
987	557	169	96
987	551	169	98
987	555	170	97
988	550	171	97
989	552	171	95
984	553	171	95
987	553	171	97
988	549	172	96
989	549	173	96
988	549	173	96
987	552	173	95
987	550	174	94
987	547	175	93
987	549	175	91
985	547	177	90
986	548	177	88
985	549	178	88
984	546	179	87
983	550	179	86
983	546	180	85
982	548	180	86
983	545	181	86
982	547	181	86
983	542	181	85
979	546	181	85
980	546	181	85
981	543	182	86
980	544	181	87
979	538	183	85
977	541	182	85
976	542	183	84
978	540	183	83
975	540	184	83
974	540	183	84
973	541	183	83
974	541	183	84
973	540	183	85
972	539	183	86
971	541	183	86
971	537	184	86
969	540	185	87
968	538	186	87
969	538	185	89
967	534	187	88
965	538	188	88
966	536	187	86
964	541	187	87
964	535	188	86
965	536	188	88
964	535	187	90
963	535	186	90
962	536	186	91
963	535	187	90
959	536	187	90
961	538	188	88
960	542	188	86
959	537	190	87
956	537	190	88
957	542	190	89
954	546	191	89
954	539	191	91
954	535	191	91
956	542	191	89
953	537	192	89
955	535	192	89
954	534	192	90
953	540	192	89
952	536	192	89
953	538	192	87
954	532	192	85
951	533	192	83
952	534	191	83
952	535	192	82
951	536	192	81
950	537	193	82
952	532	192	81
950	535	192	81
951	534	193	81
951	536	193	81
950	535	194	82
950	536	195	82
950	536	195	82
950	537	195	82
948	536	196	81
949	537	195	83
951	533	195	82
949	535	195	81
952	534	195	81
951	535	194	80
948	535	194	79
948	538	194	80
950	538	195	81
948	537	197	81
949	535	197	81
948	535	196	81
949	534	196	81
949	535	195	81
949	536	194	81
950	536	195	80
950	535	194	80
948	536	193	80
953	537	192	79
949	539	194	78
951	538	195	78
949	539	197	78
951	536	196	79
946	539	197	79
947	540	199	80
949	537	199	81
947	537	199	79
947	539	198	80
947	540	200	78
948	539	199	78
948	539	199	77
947	539	199	77
947	540	200	77
946	541	200	77
946	541	200	77
947	542	201	76
946	542	200	76
948	543	202	76
944	545	201	77
951	541	201	78
945	542	198	78
949	543	198	77
951	545	199	76
955	544	197	76
948	546	196	75
955	543	197	77
953	544	194	76
950	546	197	75
954	546	199	76
947	548	198	75
956	545	196	77
956	546	197	76
959	547	192	76
965	548	188	75
967	548	182	76
976	547	179	75
972	545	177	76
964	548	175	75
976	549	174	74
969	549	170	75
972	549	167	75
976	547	164	75
964	553	169	74
973	546	163	76
967	550	163	76
976	546	158	77
966	550	161	76
978	546	158	77
974	548	156	76
976	546	152	77
976	548	151	77
975	547	151	77
976	547	149	78
976	548	149	77
978	546	148	78
976	546	149	78
975	547	149	77
977	548	149	77
976	548	149	76
977	548	149	76
975	548	149	76
977	548	149	75
974	548	149	75
975	550	150	75
974	549	151	75
974	548	150	76
974	549	150	76
973	549	150	76
974	548	150	76
973	548	151	76
973	549	151	76
972	549	151	76
972	546	152	76
972	548	152	76
970	548	153	76
970	548	152	76
970	547	151	76
970	549	152	75
970	547	151	76
970	548	151	75
970	549	151	74
969	546	151	76
969	547	151	75
968	548	152	75
968	545	151	75
967	547	151	75
966	545	151	76
966	547	153	75
964	547	153	74
964	546	152	75
963	546	152	75
963	546	152	74
962	544	152	75
962	545	152	75
960	545	152	75
960	543	151	76
961	543	152	75
960	541	151	76
958	543	151	76
957	540	151	77
958	541	152	77
957	540	152	77
956	539	152	77
957	539	152	78
955	538	152	78
955	538	152	78
955	539	152	77
952	537	153	77
954	536	153	77
953	537	153	77
952	537	153	77
952	535	153	77
950	536	153	77
950	535	153	77
949	535	153	77
949	535	153	77
949	535	153	77
948	534	153	77
948	534	153	76
947	534	153	76
947	534	153	76
947	535	153	76
946	533	153	76
945	533	154	76
945	534	153	76
944	534	154	75
945	534	154	75
944	532	154	75
944	533	153	75
943	533	153	75
943	533	152	75
943	533	152	75
942	534	152	74
942	535	151	74
943	532	152	75
941	534	153	75
940	535	152	75
941	535	153	75
939	534	153	75
941	535	154	75
940	536	154	75
940	536	155	75
939	536	155	75
939	538	156	74
938	538	155	74
939	536	155	75
938	540	156	74
939	539	156	75
938	539	156	75
937	540	157	75
937	540	157	75
938	542	158	75
936	541	157	76
938	541	157	76
937	543	157	76
936	545	157	76
935	544	156	77
936	546	157	76
935	546	157	76
934	548	158	76
935	549	159	76
934	551	158	75
934	550	158	76
935	553	158	76
932	554	158	76
933	555	159	75
931	556	159	76
932	557	159	76
931	558	159	76
931	560	159	76
931	559	158	76
930	562	158	76
931	562	158	77
930	564	157	77
929	566	157	77
930	567	158	76
929	568	158	77
929	569	158	77
929	571	158	77
928	571	158	76
928	573	158	76
927	574	158	76
926	576	158	76
924	577	159	75
926	578	159	75
922	580	160	75
925	580	159	75
922	581	159	76
923	580	158	76
923	582	159	76
922	582	158	76
921	583	159	76
921	584	159	76
920	586	158	76
921	584	158	76
918	587	158	75
920	585	158	76
917	587	159	76
917	588	159	75
919	588	159	75
915	590	160	75
916	588	160	75
914	590	160	75
915	589	159	75
914	590	160	75
914	591	160	75
914	590	160	75
913	590	160	75
914	591	160	75
913	592	159	75
913	592	160	75
914	590	160	76
911	591	161	75
912	590	161	76
911	592	161	75
912	588	160	76
911	590	160	76
911	589	160	76
911	590	161	76
911	588	161	76
910	588	160	76
910	589	161	76
911	587	161	76
911	588	161	76
910	587	161	77
912	586	161	76
910	586	161	77
912	584	161	77
912	584	161	77
913	583	161	77
913	583	161	77
913	581	161	77
912	581	161	77
913	580	161	77
913	579	161	76
914	577	161	77
915	578	161	76
915	576	161	77
915	575	161	77
915	575	161	77
916	573	161	77
916	572	161	76
916	571	162	76
917	569	162	77
917	569	160	76
919	567	160	76
918	567	160	76
919	566	160	77
921	563	160	77
921	563	160	77
921	562	160	77
922	560	160	78
922	559	161	78
922	557	160	78
923	558	161	77
923	555	161	78
923	555	161	78
924	551	161	79
925	554	161	78
925	550	161	79
925	551	160	78
927	549	160	79
927	548	160	79
927	548	160	78
928	546	160	79
928	547	160	79
929	544	160	79
929	544	160	79
929	542	160	79
928	542	161	79
928	541	161	79
928	541	161	79
928	539	160	79
929	539	160	79
928	537	160	79
929	538	161	79
928	535	161	79
927	536	161	79
927	535	161	79
927	535	161	78
925	533	161	79
925	534	161	79
926	533	160	79
924	533	161	79
925	532	161	79
924	532	160	79
924	531	160	79
923	530	160	79
923	530	160	78
922	530	160	78
921	529	160	78
921	529	160	77
920	529	160	77
921	528	160	77
920	527	160	77
918	527	160	78
918	526	160	79
916	525	160	79
917	525	160	79
916	523	160	79
914	523	161	79
913	524	162	78
914	522	161	78
911	522	162	78
911	523	162	77
909	523	162	77
908	521	163	78
907	521	163	78
908	521	163	78
907	518	162	78
906	519	163	78
904	519	163	78
903	517	163	79
903	518	162	78
902	517	163	78
901	519	163	78
901	516	163	78
900	516	163	78
899	516	163	79
897	515	164	79
895	517	164	78
897	515	164	79
895	513	163	79
894	514	163	79
894	513	162	80
894	512	162	80
893	513	161	80
891	511	162	81
891	511	161	81
891	510	160	81
890	510	160	81
890	511	159	81
888	511	160	80
889	510	159	80
887	510	159	81
886	510	159	81
885	511	159	81
886	511	159	81
883	511	159	81
885	512	159	80
882	511	159	81
882	511	159	82
881	510	159	82
880	511	159	82
881	510	159	82
878	511	159	83
880	511	158	83
877	511	158	83
878	512	158	83
876	512	158	83
878	511	157	83
875	514	157	83
876	513	156	83
874	515	157	82
873	515	157	83
873	515	157	83
871	516	157	83
871	516	157	83
871	518	156	83
871	519	156	82
870	518	157	82
869	519	156	83
867	520	156	83
868	521	157	82
867	521	157	82
866	523	157	82
864	523	157	82
865	525	158	81
863	525	158	82
863	526	158	82
863	526	157	81
862	527	157	81
861	528	157	82
861	527	157	82
860	529	157	82
859	531	157	82
860	530	156	82
857	531	157	81
859	532	156	82
856	532	156	82
856	533	156	82
856	533	156	82
853	534	156	82
852	535	156	82
852	536	156	82
853	536	154	82
850	536	155	83
852	538	154	83
850	537	155	82
849	539	156	82
847	540	156	82
848	541	156	82
845	541	157	83
845	542	157	82
845	541	156	83
845	543	156	82
843	542	157	83
841	544	157	82
841	544	157	82
841	545	157	81
840	546	156	81
839	546	156	82
839	544	156	83
837	546	156	82
836	544	156	83
834	547	155	83
833	545	156	84
832	548	156	83
830	547	156	83
829	548	156	83
829	548	157	84
827	548	157	84
827	548	157	84
824	548	157	84
823	548	157	84
821	550	157	84
819	546	158	85
819	549	157	84
818	547	157	85
816	548	156	85
817	547	155	85
813	549	156	85
813	549	156	84
809	548	157	84
809	547	157	84
807	549	157	84
805	549	157	84
804	547	157	84
801	549	157	84
801	547	157	83
801	547	156	83
798	547	156	83
799	546	155	83
796	547	155	82
795	545	154	83
795	543	153	83
794	544	152	83
789	545	153	82
789	545	153	82
787	541	153	83
785	543	153	83
784	541	153	84
786	542	151	82
782	538	152	83
782	540	151	83
782	536	150	83
777	538	152	82
779	535	151	83
778	533	150	83
771	534	152	83
773	532	151	83
769	531	151	83
770	532	151	82
770	528	151	82
769	528	150	82
765	526	151	83
765	527	151	81
765	524	150	81
764	523	150	81
762	522	150	81
764	521	149	81
762	517	149	82
761	516	148	82
765	516	145	83
760	512	148	83
762	511	145	84
758	510	147	84
755	508	148	84
760	511	146	83
752	504	149	83
753	508	149	81
756	505	147	82
750	501	149	83
759	504	144	82
747	497	148	82
753	500	146	80
746	497	149	81
751	497	146	82
748	494	147	83
748	496	147	82
748	491	146	83
745	491	147	83
754	490	141	84
743	487	145	84
750	488	143	83
743	485	146	83
750	485	142	83
739	482	146	84
739	483	147	83
740	483	147	82
738	481	148	82
738	481	147	82
739	479	146	81
737	477	147	82
735	476	147	82
731	476	149	82
730	476	151	81
729	474	152	81
729	474	151	82
728	472	152	82
727	470	152	81
726	470	152	82
726	468	153	81
724	467	153	82
724	467	153	81
723	465	152	81
721	464	152	81
723	464	152	81
722	462	151	82
722	463	149	82
721	459	149	83
723	459	148	83
720	460	148	83
717	458	149	83
722	457	146	83
718	455	146	82
716	455	148	82
715	454	148	82
712	454	149	82
713	454	148	82
710	452	149	82
707	452	150	82
709	450	150	82
705	449	151	82
705	450	152	81
704	448	151	81
703	447	151	81
702	447	151	80
701	445	150	80
701	444	150	80
699	444	151	80
699	443	150	80
698	440	150	80
698	441	149	80
697	441	148	80
700	435	147	81
697	438	146	81
696	433	146	81
695	436	146	81
693	432	146	80
693	431	146	81
691	430	146	81
692	431	146	82
687	427	148	80
687	431	148	81
688	424	148	80
689	428	147	81
685	423	147	81
689	427	145	81
690	423	144	81
695	424	140	83
690	418	140	83
693	422	138	83
686	419	141	83
686	419	142	83
682	419	144	83
681	419	145	82
681	415	146	82
677	416	147	82
678	417	148	81
677	417	149	80
679	416	148	80
676	413	149	80
679	416	148	80
677	410	149	81
681	413	147	81
677	410	149	82
677	411	149	80
678	411	150	80
678	409	151	79
678	407	151	79
680	407	150	79
680	406	150	79
683	404	150	79
686	404	148	79
684	403	149	79
688	402	148	80
686	401	148	79
689	401	148	80
691	400	148	79
692	398	148	79
695	397	148	79
695	395	149	79
698	397	148	79
699	395	148	79
703	395	148	79
704	392	149	79
710	393	146	80
712	390	146	80
711	390	147	80
720	389	144	81
722	387	142	81
718	386	145	81
727	386	144	81
727	385	143	81
729	385	144	80
733	382	143	80
736	383	143	80
744	379	142	80
750	380	139	80
755	379	136	80
758	378	135	80
761	376	134	80
761	377	136	79
767	374	135	79
766	374	136	79
774	373	134	79
767	371	138	78
768	370	142	79
767	369	144	79
772	366	145	79
772	368	146	79
778	367	145	79
779	365	145	79
783	366	145	79
787	362	143	80
