0.149356
0.149356
0.149356
0.149356
0.149356
0.149356
0.149356
0.149356
0.149356
0.149356
0.149356
0.149356
0.149356
0.149356
0.149356
0.149356
0.149356
0.149356
0.149356
0.149356
0.149356
0.149356
0.149356
0.149356
0.149356
0.149356
0.149356
0.149356
0.149356
0.149356
0.149356
0.149356
0.149356
0.149356
0.149356
0.149356
0.149356
0.149356
0.149356
0.149356
0.149356
0.149356
0.149356
0.149356
0.149356
0.149356
0.149356
0.149356
0.149356
0.149356
0.149356
0.149356
0.149356
0.149356
0.149356
0.149356
0.149356
0.149356
0.149356
0.149356
0.149356
0.149356
0.149356
0.149356
0.149356
0.149356
0.149356
0.149356
0.149356
0.149356
0.149356
0.149356
0.149356
0.149356
0.149356
0.149356
0.149356
0.149356
0.149356
0.149356
0.149356
0.149356
0.149356
0.149356
0.149356
0.149356
0.149356
0.149356
0.149356
0.149356
