0.175338
0.175338
0.175338
0.175338
0.175338
0.175338
0.175338
0.175338
0.175338
0.175338
0.175338
0.175338
0.175338
0.175338
0.175338
0.175338
0.175338
0.175338
0.175338
0.175338
0.175338
0.175338
0.175338
0.175338
0.175338
0.175338
0.175338
0.175338
0.175338
0.175338
0.175338
0.175338
0.175338
0.175338
0.175338
0.175338
0.175338
0.175338
0.175338
0.175338
0.175338
0.175338
0.175338
0.175338
0.175338
0.175338
0.175338
0.175338
0.175338
0.175338
0.175338
0.175338
0.175338
0.175338
0.175338
0.175338
0.175338
0.175338
0.175338
0.175338
0.175338
0.175338
0.175338
0.175338
0.175338
0.175338
0.175338
0.175338
0.175338
0.175338
0.175338
0.175338
0.175338
0.175338
0.175338
