791	481	97	29
789	479	97	29
790	479	96	29
789	480	96	28
789	480	96	29
790	479	96	29
789	479	95	29
789	479	95	29
789	479	95	29
788	480	95	29
789	480	94	29
789	479	94	29
788	479	94	29
788	480	94	29
788	480	93	30
788	480	93	30
787	480	93	30
788	480	93	30
787	481	93	29
787	480	93	30
787	481	93	29
787	480	93	30
787	480	93	30
787	480	93	30
786	480	93	29
786	482	93	29
786	481	93	30
786	481	93	30
786	481	94	30
786	481	94	30
784	482	94	29
785	482	94	29
785	482	94	29
785	483	94	29
785	482	95	29
785	482	95	29
784	482	96	29
784	483	96	29
784	483	97	29
784	483	98	29
783	485	99	28
783	483	100	29
783	485	100	29
783	483	100	29
782	485	101	29
782	484	102	29
782	486	102	29
782	485	102	29
781	485	103	29
781	485	104	29
781	485	104	29
781	485	103	29
781	486	104	29
781	486	104	29
781	486	104	29
781	487	104	29
781	486	104	29
781	488	105	28
781	487	105	28
781	487	105	29
782	488	105	28
782	488	105	29
782	488	105	29
781	488	106	29
781	488	106	29
781	487	106	29
781	488	106	29
781	488	107	29
782	489	107	29
782	488	107	29
781	490	107	29
781	489	108	29
782	490	108	29
782	490	108	29
782	490	109	29
782	491	109	29
782	491	109	29
781	490	109	29
781	492	110	29
781	491	110	29
781	491	111	29
782	492	111	29
782	491	111	29
781	492	111	29
782	491	111	29
782	492	112	29
781	492	112	29
782	492	112	29
781	493	112	29
782	492	112	29
781	493	113	29
781	493	113	29
782	493	113	29
782	493	113	29
782	494	113	29
782	495	114	29
782	494	114	29
782	494	114	29
782	494	114	29
781	495	115	29
781	495	115	29
781	495	116	29
781	495	116	29
782	495	116	30
782	495	117	30
781	495	117	29
782	495	117	30
782	496	118	30
781	496	118	30
781	496	119	30
780	496	119	30
780	497	119	30
780	496	120	30
781	497	120	30
780	497	121	30
780	497	121	30
779	497	121	30
779	497	122	30
779	498	122	30
779	498	122	30
779	499	122	30
780	499	123	29
779	499	124	29
780	498	123	29
778	499	124	30
779	499	124	30
778	498	125	30
778	499	125	30
778	499	125	30
778	499	126	30
779	499	126	30
778	499	126	30
778	500	127	30
778	500	127	30
778	500	127	29
777	500	128	29
777	500	128	30
777	500	129	29
778	500	129	30
777	500	129	30
777	500	129	30
777	499	129	30
777	500	130	30
776	500	130	30
776	500	130	30
776	500	130	30
775	500	130	30
775	500	130	30
775	500	131	30
775	500	131	30
774	500	132	30
774	500	132	30
774	500	132	30
774	500	133	30
774	500	133	30
774	500	133	30
773	501	134	30
772	501	134	29
773	501	134	29
771	501	135	29
770	501	136	29
771	500	136	29
771	500	136	30
771	500	136	30
771	500	136	30
770	500	137	29
768	500	138	30
768	499	138	30
769	499	139	30
768	499	139	30
767	499	140	30
769	499	140	30
766	499	141	30
767	499	141	30
767	499	141	30
766	499	141	30
766	499	141	30
766	498	141	30
765	498	142	31
765	498	142	31
765	497	142	31
765	497	143	31
764	498	144	31
763	498	144	31
763	497	145	31
762	497	145	31
762	497	145	31
762	496	146	31
762	496	146	31
762	496	146	31
761	497	147	31
760	496	147	31
761	496	148	31
761	496	148	31
760	495	148	31
760	495	149	31
759	495	149	31
759	495	150	31
758	495	150	31
758	495	151	31
758	495	151	31
758	495	152	31
758	495	152	31
757	495	152	31
757	495	152	31
757	494	152	31
757	494	153	31
756	494	153	31
756	494	153	31
756	494	154	31
756	494	154	31
756	494	154	31
756	494	154	31
756	493	155	31
755	493	155	32
755	493	155	32
755	493	156	31
755	493	157	31
755	493	157	31
755	492	158	31
754	492	158	31
755	492	158	31
754	493	159	31
754	493	159	31
754	492	159	31
754	492	160	31
754	492	160	32
753	491	160	32
753	491	161	32
753	490	161	32
753	490	161	32
753	489	161	33
752	489	161	33
752	489	162	33
753	488	162	33
752	489	163	33
752	489	163	33
753	489	164	33
751	490	164	32
753	490	165	32
752	489	166	32
753	490	166	32
751	489	167	32
751	489	167	32
751	489	168	32
751	489	168	32
751	489	169	32
751	489	169	31
751	489	169	32
752	489	169	31
750	487	169	32
750	486	169	32
751	486	169	33
751	487	171	33
750	486	171	33
750	486	171	33
750	486	172	33
749	486	172	33
749	485	172	34
749	485	173	34
749	485	174	34
749	484	174	34
748	484	175	34
748	484	176	34
747	484	176	34
748	483	176	34
748	483	177	34
748	483	178	34
747	483	178	34
748	483	179	35
747	483	178	34
747	483	179	34
747	483	180	35
746	482	180	35
747	482	181	35
747	482	181	35
747	482	181	35
747	482	182	35
747	482	181	35
745	482	182	35
745	482	182	35
745	482	182	35
746	481	182	35
746	481	183	35
746	480	182	36
746	481	183	36
745	480	183	36
745	480	183	36
745	480	184	36
745	479	184	36
745	479	185	36
745	479	185	36
744	479	186	36
744	479	186	36
744	479	186	36
745	478	186	36
744	478	187	36
745	478	187	37
744	478	188	37
743	479	188	37
744	478	188	37
743	478	188	37
743	478	188	37
743	478	188	37
743	479	189	37
742	479	189	37
743	479	190	36
742	479	190	36
742	479	191	36
740	479	191	36
742	479	192	36
742	478	192	36
742	478	193	36
741	478	193	36
742	479	193	36
741	478	194	36
741	478	194	37
740	477	195	37
739	477	195	37
739	477	195	37
740	476	196	38
738	476	197	37
738	476	198	38
740	476	198	38
739	475	198	38
739	475	199	38
739	476	199	38
739	475	200	38
739	475	200	38
739	475	201	38
736	475	201	38
738	475	202	38
738	474	202	38
737	474	203	38
737	475	204	38
736	474	204	38
736	474	205	38
736	474	205	38
734	475	207	38
732	475	208	38
734	475	208	38
732	475	209	38
732	475	209	38
731	475	209	38
733	475	209	38
732	475	210	38
732	475	210	38
730	475	211	38
733	474	211	39
732	473	212	39
731	473	212	39
730	474	213	39
730	473	213	39
731	473	214	39
730	473	214	39
730	472	215	39
731	473	215	39
731	474	215	39
731	473	214	39
731	473	215	39
730	473	215	40
731	473	215	40
732	473	215	40
730	473	216	40
730	473	217	40
729	473	217	40
728	473	218	40
727	472	218	41
727	472	219	41
729	472	220	41
729	472	220	41
728	472	220	41
728	472	221	41
727	471	221	41
726	472	222	41
726	472	222	41
726	472	224	41
726	472	223	41
727	472	224	41
728	471	224	41
730	471	225	41
731	470	226	42
734	470	228	42
735	469	229	43
733	469	232	43
734	468	233	43
732	469	236	43
734	468	236	44
735	468	237	44
735	468	239	44
732	468	240	44
733	467	242	44
732	467	243	45
731	466	244	45
732	466	245	45
733	466	246	45
735	466	247	45
738	466	250	46
739	466	250	46
740	465	251	46
745	465	253	46
750	464	256	47
758	464	260	46
760	464	266	46
771	463	274	46
769	463	281	46
782	460	288	47
782	457	292	48
784	454	296	50
789	451	298	52
786	452	299	52
791	451	297	53
793	451	296	52
788	451	296	52
793	452	294	52
791	452	294	51
791	452	290	51
793	453	288	51
787	454	288	50
774	456	290	48
759	456	292	47
748	453	291	48
780	454	287	48
746	455	288	48
767	454	287	48
777	455	283	48
766	456	281	47
773	457	278	47
783	457	276	46
786	457	271	47
778	457	267	47
779	458	266	46
767	458	262	46
779	458	257	47
789	458	254	46
785	458	247	47
791	457	239	47
790	456	231	48
794	456	222	48
793	456	213	49
791	455	202	49
787	456	189	49
791	457	177	48
793	458	167	47
796	460	159	45
799	461	153	44
802	462	151	44
802	463	149	43
802	463	148	42
801	462	146	42
802	462	144	42
803	463	144	42
801	461	143	42
800	462	143	41
802	463	143	41
801	461	142	42
801	462	142	41
800	462	142	41
801	463	142	41
800	462	143	42
800	463	142	42
798	463	143	42
799	463	142	42
799	462	142	42
798	462	142	42
798	463	142	42
797	463	141	42
798	463	141	42
797	463	141	42
797	463	141	42
797	463	141	42
797	464	142	42
797	463	141	42
796	463	141	42
796	463	140	43
796	464	141	42
796	462	140	42
795	463	141	42
795	463	140	43
795	462	141	42
796	462	142	42
795	463	142	42
794	463	143	42
796	464	143	42
796	462	143	42
797	463	143	43
796	462	144	43
797	462	143	43
798	462	144	43
797	462	144	43
798	461	143	43
799	462	145	43
798	461	146	43
798	460	146	43
796	461	147	43
798	461	148	43
797	461	147	44
798	461	147	44
799	460	148	44
799	460	148	44
799	459	148	45
800	459	148	46
801	458	148	46
801	457	149	46
801	457	148	47
802	457	149	47
803	457	149	48
804	456	150	48
803	456	151	48
803	455	151	48
803	454	151	48
802	453	152	48
802	453	152	48
801	455	152	48
801	454	152	48
802	454	152	48
802	454	152	49
801	453	153	48
801	454	153	48
801	453	153	48
802	453	154	48
802	454	155	47
802	453	155	47
801	453	156	47
801	453	156	47
803	454	158	47
801	454	159	47
801	454	159	47
802	453	158	48
802	453	159	48
802	454	159	48
802	452	160	48
800	453	160	48
800	454	160	48
802	453	160	48
801	454	161	48
801	452	160	49
799	453	159	49
801	452	160	50
801	451	160	50
800	451	159	50
800	451	158	50
799	451	157	50
800	451	157	50
799	451	157	50
798	451	157	50
798	451	157	50
798	452	157	50
798	451	158	50
798	452	157	50
798	452	158	50
798	453	159	50
797	451	159	50
796	451	159	50
797	450	158	51
797	450	158	51
797	451	159	50
797	452	159	50
797	452	159	50
796	451	159	50
796	452	159	50
796	451	159	51
796	451	160	51
795	450	159	51
795	450	158	50
794	451	158	50
795	451	158	50
793	450	159	50
792	450	159	50
791	451	158	50
791	451	159	50
791	450	159	50
790	450	159	50
790	450	159	50
789	451	159	49
788	449	159	49
787	451	158	50
787	450	158	50
786	450	159	49
786	451	159	49
786	451	159	49
785	450	159	49
785	450	159	48
785	451	159	48
785	451	159	48
785	450	159	48
784	450	159	48
783	450	160	48
782	450	160	48
782	450	160	48
781	451	161	48
780	450	161	48
780	449	161	48
780	449	161	49
779	450	161	49
778	449	162	49
777	448	162	50
776	448	162	50
777	449	162	50
776	449	162	50
774	449	163	50
773	449	163	50
771	451	164	50
770	451	164	50
768	451	163	50
768	451	163	50
767	452	163	50
766	453	163	49
764	452	163	49
762	454	162	48
760	453	161	48
756	454	160	48
757	455	161	48
755	454	160	48
751	456	159	48
751	456	158	47
747	457	158	47
746	456	157	47
743	458	156	47
743	457	154	46
740	459	153	46
742	458	152	47
739	459	152	46
738	458	152	46
735	459	151	45
736	460	150	46
735	461	151	45
732	460	150	44
735	461	152	44
731	459	150	45
733	461	153	44
729	460	152	45
729	459	151	45
729	460	152	45
726	459	151	45
726	460	151	45
726	458	149	46
724	458	149	46
724	459	150	45
724	458	150	46
720	458	149	46
722	458	149	46
722	459	150	45
719	459	150	45
719	459	149	45
717	458	149	45
717	459	149	45
714	459	148	45
715	460	146	46
713	458	145	46
714	459	146	46
713	458	146	46
712	458	145	45
711	459	145	45
710	458	145	45
710	458	145	45
708	458	145	44
708	458	145	44
706	458	144	44
706	458	144	44
706	458	144	43
705	458	144	44
704	459	144	43
704	459	143	43
704	457	143	44
703	457	143	43
702	457	143	44
702	457	143	44
701	457	143	43
700	457	143	43
700	457	143	43
699	456	143	43
698	456	143	43
697	455	143	43
696	455	143	43
696	455	143	43
695	454	143	42
694	455	143	42
695	455	143	42
693	454	143	42
694	455	144	41
692	454	144	41
691	454	144	41
690	454	144	41
689	453	143	42
690	454	144	41
689	453	144	42
688	452	144	42
689	453	144	42
687	452	144	42
686	451	144	43
686	452	144	42
685	451	144	42
685	452	145	41
684	452	145	40
683	452	145	40
682	452	145	40
682	452	145	39
681	451	145	39
682	451	145	40
681	450	145	40
679	450	145	40
680	450	145	41
679	449	144	40
679	450	144	41
678	449	145	41
676	448	145	40
676	449	146	41
686	444	148	42
693	440	153	45
697	437	157	46
701	432	161	48
704	430	165	50
707	426	169	50
708	426	175	50
709	423	178	51
709	421	181	53
710	419	185	53
712	412	187	53
713	412	192	53
712	410	193	54
711	409	195	55
711	406	196	56
709	406	198	55
709	406	199	56
708	404	199	56
707	403	200	56
708	404	200	56
708	404	201	56
706	402	201	55
706	403	201	56
704	403	201	55
702	402	201	55
704	404	201	56
704	403	203	57
701	402	203	56
700	401	203	56
700	403	203	56
699	402	204	57
698	401	204	57
695	401	204	56
696	402	203	56
694	403	202	56
691	403	201	56
692	405	201	57
691	404	201	57
690	404	203	57
686	404	203	56
685	404	202	56
684	404	201	56
684	406	199	57
684	406	199	57
683	406	197	57
682	406	196	57
681	406	195	58
681	404	194	59
678	403	194	58
678	404	193	58
679	405	194	58
677	405	195	57
675	403	194	57
675	405	195	57
673	404	194	57
674	406	194	57
671	404	194	57
671	405	194	58
670	404	193	58
670	404	193	58
668	405	194	58
666	404	194	58
667	405	195	58
665	404	194	58
664	405	194	59
663	405	194	59
662	406	194	59
661	406	193	59
659	406	193	58
658	408	193	59
657	408	192	58
655	409	192	59
654	408	192	58
655	410	191	59
652	415	192	60
651	414	191	60
652	414	191	61
649	414	191	60
650	415	191	61
648	413	191	60
648	414	191	61
647	414	191	61
646	415	191	60
645	415	193	59
644	416	193	59
644	416	193	59
642	416	192	59
642	417	192	59
640	416	192	58
639	417	191	60
639	417	191	60
637	417	191	59
636	419	190	59
636	419	190	59
635	419	189	59
635	418	189	59
632	420	188	59
632	419	188	60
632	420	188	60
632	421	188	60
629	420	188	59
630	421	187	60
628	422	188	59
626	420	188	58
627	422	187	58
626	424	187	59
624	422	188	58
624	424	188	59
621	422	188	58
622	424	187	58
621	423	187	58
621	425	187	58
619	424	187	57
619	424	187	58
618	426	187	58
617	423	187	57
617	424	187	57
617	425	187	58
615	424	187	58
614	426	187	57
614	425	188	56
613	427	189	57
611	425	188	56
611	427	188	57
610	426	189	56
610	428	189	57
607	427	189	56
609	427	190	56
607	427	190	57
606	427	191	58
605	426	191	57
605	427	191	58
603	424	192	57
602	426	191	58
603	426	192	59
602	425	192	59
602	428	193	59
599	426	193	59
599	425	193	60
599	426	193	60
597	424	193	59
596	426	192	59
596	426	192	60
596	423	191	60
594	425	191	60
594	427	191	60
594	425	191	58
593	427	191	59
593	425	191	59
591	426	191	60
592	423	191	60
590	425	191	60
589	426	191	61
590	424	191	61
588	424	191	62
588	423	191	62
587	426	190	62
585	426	191	60
586	425	191	60
584	425	192	61
583	427	192	61
582	426	192	60
582	426	193	61
582	425	193	60
580	426	193	61
581	426	193	61
579	425	193	60
577	427	194	61
577	427	194	60
577	427	194	60
576	426	193	60
576	425	194	60
574	426	194	61
574	425	194	60
574	427	194	61
571	425	194	60
571	427	195	61
569	425	195	60
571	427	196	61
568	426	196	60
568	428	197	59
565	427	197	59
564	425	198	59
563	426	197	59
563	426	198	58
561	429	199	59
560	428	198	58
560	429	199	57
559	430	199	57
558	428	199	58
557	429	198	59
556	429	199	58
555	430	200	57
553	430	200	57
554	429	199	58
552	428	199	57
551	429	199	56
551	429	200	56
550	430	200	56
549	429	200	56
548	430	200	57
548	429	199	57
546	430	200	57
545	430	201	56
544	430	201	56
544	430	201	57
543	430	201	56
543	428	200	58
541	429	201	57
539	430	202	57
541	427	201	59
537	428	202	58
537	427	202	58
539	427	203	59
536	425	203	59
536	427	202	59
534	427	203	58
534	427	203	58
533	426	203	59
533	425	203	60
533	425	203	60
532	425	204	60
531	426	203	60
529	424	203	60
530	427	202	60
527	424	203	60
528	427	202	61
526	426	204	60
526	427	204	60
524	426	205	60
524	426	205	60
524	426	205	61
522	424	205	60
520	427	205	60
521	426	205	60
519	424	206	59
520	427	204	60
519	425	206	60
518	426	205	60
517	424	206	60
517	427	206	60
516	426	206	60
514	424	206	60
516	426	205	61
514	424	207	60
514	425	206	61
514	426	206	61
511	423	208	61
511	424	207	61
511	426	206	61
510	424	207	60
511	425	206	62
510	425	208	61
508	424	208	62
508	422	208	63
509	425	207	63
505	422	207	63
506	425	206	63
503	424	207	62
506	425	207	63
502	422	208	63
503	426	207	63
502	424	207	63
502	424	207	62
500	424	208	62
501	425	208	63
498	423	209	62
498	425	208	63
497	424	208	63
494	422	209	63
496	424	208	64
493	423	210	63
496	425	210	63
493	422	210	64
492	422	210	63
493	424	210	63
490	423	211	62
491	423	212	62
492	423	212	61
490	421	213	61
487	422	213	61
488	422	212	62
488	422	212	62
488	420	212	62
487	421	213	63
488	421	213	63
488	419	213	63
488	419	211	63
486	420	210	65
488	419	210	65
488	420	211	66
487	420	211	65
485	417	210	64
483	419	210	65
483	420	211	65
484	417	211	64
482	418	211	65
483	417	211	66
481	417	212	65
481	417	213	65
477	418	213	65
480	416	213	66
478	416	212	66
477	416	213	65
476	417	213	66
477	415	214	66
474	416	214	66
475	415	215	66
474	415	216	66
472	416	216	66
472	414	218	66
468	416	218	66
470	414	218	67
469	414	217	67
471	415	216	68
469	413	218	66
468	413	217	67
467	413	216	66
466	413	216	67
467	413	216	67
467	413	215	68
467	413	215	68
468	411	216	68
465	413	216	68
466	412	217	68
464	413	217	68
466	411	217	68
462	413	218	68
465	413	217	67
464	412	218	68
461	413	218	68
462	412	218	69
462	412	218	70
462	411	219	69
459	412	220	68
460	412	220	67
457	411	221	67
453	412	223	66
451	414	226	65
452	414	228	64
445	414	231	64
447	413	231	64
442	415	233	64
442	413	234	64
439	415	236	64
436	416	236	63
430	416	239	62
444	416	233	64
440	415	233	64
436	417	235	64
437	417	236	64
430	418	241	63
428	416	244	62
430	415	243	63
426	416	244	63
424	415	245	63
423	415	246	63
426	415	242	64
425	415	242	64
423	414	244	63
426	415	243	64
429	415	242	63
431	413	240	64
425	413	241	63
431	413	237	64
433	412	235	64
430	414	235	64
431	414	234	64
432	414	234	65
431	414	234	65
429	413	235	65
