181	347	121	18
180	347	120	19
179	347	121	19
180	347	120	19
181	346	121	20
182	347	121	20
181	348	121	20
182	348	121	20
182	348	121	20
183	348	121	20
184	348	121	20
184	349	121	20
184	348	121	20
186	349	121	20
187	349	121	20
188	349	121	20
190	349	121	20
190	348	121	20
191	348	121	20
193	348	121	20
193	348	121	20
193	349	121	20
194	350	121	20
195	349	121	20
196	349	121	20
195	350	121	20
196	350	121	20
197	351	120	20
198	351	121	20
198	351	122	20
200	351	121	20
201	351	122	20
201	351	121	20
202	352	121	20
202	352	121	19
204	353	121	19
204	353	121	19
204	353	121	19
205	354	121	19
206	353	121	20
206	354	121	19
208	354	121	19
209	353	121	19
210	355	121	19
211	354	121	19
213	354	121	19
213	354	121	19
214	355	121	19
215	354	121	19
217	355	121	19
219	355	121	19
219	354	121	20
220	355	121	20
221	356	121	20
223	356	121	20
224	356	121	20
224	356	121	20
225	356	121	20
226	356	121	20
228	357	121	20
228	356	121	20
230	357	120	20
232	356	120	20
232	357	120	20
234	357	119	20
236	357	119	20
237	358	119	20
238	357	120	20
240	359	119	19
241	359	119	19
243	359	119	19
243	359	120	19
245	359	120	19
246	360	120	19
247	359	120	19
248	360	120	19
250	360	120	19
251	361	119	19
252	360	119	19
252	361	118	19
254	360	118	19
255	362	118	18
257	362	117	18
258	362	117	18
259	361	116	18
261	363	115	18
262	362	115	19
264	363	114	18
266	364	112	18
267	363	111	18
269	364	110	18
269	363	110	18
271	364	109	18
273	365	108	18
274	364	107	18
276	366	105	18
277	366	104	17
278	366	103	17
280	366	101	18
282	366	100	18
282	367	100	17
284	367	99	18
285	367	97	18
286	367	96	18
287	367	95	18
289	368	93	18
290	368	91	18
291	368	89	18
294	368	88	18
293	369	86	19
297	369	85	19
297	369	83	18
299	369	81	18
303	370	81	18
302	370	81	18
305	370	82	18
308	370	84	18
312	371	88	18
314	372	93	18
318	372	98	18
318	373	104	18
317	372	109	18
317	372	113	19
317	373	115	19
317	373	116	19
317	374	117	19
318	373	118	20
319	375	118	20
320	374	118	20
320	375	119	20
321	376	119	20
321	376	119	20
323	376	119	20
324	376	119	20
324	377	119	20
325	377	119	20
326	378	119	20
327	378	118	20
328	379	119	20
328	379	119	20
328	380	119	20
327	380	120	20
328	381	120	20
328	382	121	20
328	382	121	20
328	382	121	20
328	383	122	20
328	384	122	20
329	389	122	21
313	445	123	22
307	450	132	21
296	453	139	20
290	455	146	19
281	455	156	17
268	455	168	16
258	458	177	16
252	456	181	16
255	457	189	16
223	459	200	16
221	459	211	16
219	462	229	15
207	461	240	16
210	461	243	16
189	462	254	16
164	461	257	16
192	463	267	18
184	463	274	18
249	468	279	18
265	469	284	18
227	468	292	18
219	470	296	18
218	471	300	18
245	469	302	18
248	470	305	19
238	471	309	19
228	471	312	19
242	471	313	19
238	471	318	19
166	471	321	20
216	636	315	28
216	685	310	34
202	686	309	39
197	684	313	43
222	682	313	45
215	684	316	45
180	686	324	46
196	684	325	47
170	684	332	49
318	802	330	52
217	683	342	53
200	681	351	53
176	680	369	52
314	678	400	50
360	674	407	50
423	801	416	55
300	675	420	55
324	669	428	54
408	801	436	61
295	677	449	60
265	670	461	59
276	675	475	60
243	671	491	59
228	677	506	62
237	671	512	64
217	672	522	66
214	671	532	70
233	674	525	75
200	662	537	76
178	675	550	73
185	671	555	75
179	666	557	77
200	675	558	79
155	668	563	83
170	674	563	85
198	715	563	93
147	675	585	85
133	676	593	87
238	753	597	96
128	682	612	95
157	685	624	103
84	670	635	105
87	672	639	104
96	688	663	99
269	457	666	117
232	447	662	113
305	442	700	101
251	407	719	101
243	368	736	105
217	433	765	103
267	399	798	103
202	373	824	104
260	388	834	105
207	375	852	105
101	633	814	159
215	432	810	176
188	394	852	156
153	371	889	144
176	366	899	137
151	372	907	126
170	383	910	124
131	376	923	121
146	383	930	115
143	375	931	116
194	396	931	128
134	377	941	123
156	386	941	121
106	393	944	120
96	376	959	118
176	401	951	126
128	395	963	127
95	394	960	124
87	373	970	119
99	396	985	124
90	376	1000	126
140	400	979	128
86	392	987	125
6	680	945	173
94	451	934	197
144	397	942	182
72	388	972	159
84	396	974	150
100	388	991	140
54	377	985	137
168	403	960	134
67	403	986	125
78	380	990	123
119	397	999	126
37	445	965	167
89	388	981	155
82	377	995	141
151	402	974	134
82	394	990	128
75	410	1004	132
75	401	1000	125
41	403	1010	117
117	423	996	122
73	398	995	111
112	420	1000	116
43	414	1010	111
76	409	1008	108
132	426	992	123
114	408	988	118
108	427	993	122
143	405	967	116
198	414	934	121
103	401	959	112
191	424	937	125
156	409	940	118
188	418	921	119
174	415	918	117
185	420	925	117
152	422	928	113
141	418	935	111
197	419	926	115
157	430	936	114
124	410	941	109
220	433	913	122
134	425	936	117
90	418	955	106
131	432	964	109
138	426	957	109
152	428	953	115
142	418	949	108
165	433	947	110
147	428	946	104
140	428	952	106
136	438	963	113
126	422	957	108
165	434	947	114
151	430	946	111
118	441	972	115
104	436	979	113
136	423	972	111
155	436	967	113
161	433	951	110
176	435	943	117
134	422	944	110
154	441	951	120
124	429	955	114
145	446	958	114
69	427	970	109
171	441	947	112
161	440	943	115
77	424	966	109
141	442	971	116
106	434	982	111
118	442	982	118
127	437	981	113
154	451	970	118
82	444	990	113
65	433	992	114
88	445	1003	114
117	440	993	115
41	447	993	118
63	445	996	110
84	441	984	112
150	461	978	118
142	448	968	113
132	445	971	116
59	449	984	115
146	450	972	118
120	455	984	114
75	447	987	109
123	463	988	111
45	452	1012	112
66	447	1024	112
68	454	1017	114
63	445	1020	114
171	470	977	120
105	461	979	112
120	449	982	114
79	448	993	116
82	456	1010	122
45	438	1033	120
53	447	1037	125
55	443	1049	124
37	458	1062	130
12	435	1072	133
26	442	1081	133
5	427	1088	138
13	427	1088	144
7	436	1088	151
45	421	1068	145
16	434	1080	147
15	452	1088	155
0	462	1088	162
5	418	1088	159
8	398	1088	157
0	398	1088	157
24	397	1066	158
9	403	1081	158
9	416	1088	164
1	438	1085	167
6	386	1088	164
0	401	1088	165
5	393	1088	165
10	411	1088	172
3	397	1088	166
1	380	1088	161
0	368	1088	153
13	400	1088	154
1	379	1088	150
0	428	1069	176
5	372	1083	166
14	395	1088	165
0	367	1088	159
5	405	1088	163
6	377	1088	156
0	522	1079	170
0	386	1071	167
20	351	1080	156
0	403	1088	159
3	391	1088	156
11	367	1082	156
0	410	1088	155
13	370	1088	155
0	421	1088	166
1	380	1088	158
0	409	1088	162
5	369	1088	153
0	409	1088	151
8	373	1088	149
3	409	1088	147
3	392	1088	146
0	404	1085	151
4	385	1088	153
0	399	1083	152
14	389	1084	160
0	393	1088	153
0	394	1088	151
0	390	1088	147
0	402	1088	147
0	383	1088	144
0	420	1088	147
1	381	1088	145
5	417	1088	149
5	392	1088	147
0	407	1088	146
7	394	1088	147
0	391	1088	143
0	387	1086	144
0	423	1088	154
8	351	1083	154
0	406	1088	155
7	397	1088	154
1	415	1083	166
15	377	1087	154
0	417	1088	160
7	390	1088	153
7	418	1088	157
0	348	1087	158
7	409	1088	161
13	403	1088	158
0	427	1088	164
35	391	1087	153
0	429	1088	163
1	409	1088	159
4	418	1088	165
4	452	1088	172
0	427	1088	169
0	395	1080	162
0	417	1088	172
35	424	1070	170
0	435	1082	162
0	423	1088	158
0	406	1086	158
77	457	1056	177
19	417	1067	164
0	458	1072	164
22	435	1075	159
41	442	1062	155
0	440	1080	150
28	439	1073	149
95	461	1043	158
20	437	1054	150
19	444	1063	153
26	449	1068	153
0	423	1076	143
20	448	1077	148
0	462	1083	142
0	430	1084	138
21	483	1088	152
0	470	1088	141
0	457	1088	139
0	443	1086	133
35	473	1081	143
5	442	1076	135
67	476	1061	142
12	453	1064	139
33	438	1063	142
23	482	1074	145
50	464	1064	142
32	445	1065	134
0	443	1065	137
83	478	1044	151
79	467	1030	143
0	446	1038	135
25	454	1054	140
24	451	1057	136
96	473	1029	143
6	443	1045	132
35	478	1059	144
17	453	1073	137
19	462	1083	146
2	447	1088	144
45	469	1074	151
52	451	1064	140
33	446	1064	146
46	467	1062	148
0	452	1059	141
42	455	1059	145
32	440	1064	143
73	475	1050	149
16	453	1067	142
26	458	1072	140
22	441	1070	138
83	475	1050	149
14	453	1069	144
24	467	1075	141
24	454	1081	134
26	465	1076	146
29	458	1076	139
3	437	1076	131
74	474	1050	143
15	459	1059	136
22	454	1063	136
63	468	1048	143
45	451	1055	140
66	473	1045	145
19	456	1055	136
8	459	1067	140
0	440	1067	135
15	489	1073	150
4	478	1085	145
5	463	1088	140
1	441	1088	147
26	473	1086	149
4	452	1088	141
72	482	1060	147
19	452	1072	138
57	466	1061	145
40	451	1063	143
85	471	1044	144
33	458	1057	145
21	472	1069	143
26	458	1074	146
8	482	1082	146
8	469	1088	146
79	470	1050	152
12	452	1068	151
38	484	1067	153
12	459	1080	145
45	474	1071	144
14	456	1078	146
37	475	1069	151
14	455	1083	150
42	480	1067	154
5	468	1080	148
11	448	1088	151
76	485	1064	152
18	465	1070	150
29	463	1072	144
26	463	1076	150
8	474	1088	148
12	464	1088	152
14	463	1088	150
18	466	1088	148
6	469	1088	146
49	476	1069	151
20	473	1079	149
12	460	1082	156
4	487	1088	158
12	466	1088	152
9	476	1088	156
1	468	1088	159
20	478	1086	159
65	485	1060	160
6	474	1073	154
6	465	1082	157
21	479	1086	158
7	471	1088	156
2	473	1088	156
10	478	1088	153
53	485	1067	156
83	494	1042	155
26	484	1056	152
54	481	1053	153
11	467	1068	154
9	494	1086	155
11	491	1088	154
26	498	1085	157
22	474	1080	152
22	504	1079	155
1	480	1088	152
13	501	1088	155
47	487	1072	154
8	477	1081	164
13	489	1086	161
0	491	1088	157
7	488	1087	161
7	495	1088	166
10	499	1088	163
0	483	1087	161
42	489	1071	162
10	486	1081	162
28	494	1078	163
17	497	1078	161
66	497	1054	159
31	496	1062	160
7	490	1077	161
16	492	1084	162
4	488	1088	167
23	498	1082	166
40	503	1070	163
7	501	1083	163
19	500	1082	161
27	505	1076	162
6	507	1088	161
10	518	1088	160
0	496	1088	160
19	500	1083	160
1	496	1088	167
1	503	1088	172
8	497	1088	171
0	492	1087	171
33	504	1072	171
1	502	1087	172
17	510	1086	171
10	504	1084	169
27	504	1075	169
9	497	1081	167
31	515	1079	164
14	506	1086	162
0	510	1088	162
4	502	1085	170
3	503	1088	171
3	509	1088	170
2	505	1088	177
0	499	1088	183
6	499	1085	178
0	502	1088	178
4	510	1088	176
22	505	1082	174
0	503	1088	174
3	503	1088	175
2	503	1088	174
0	505	1088	176
5	510	1088	173
0	507	1088	180
0	514	1088	179
15	511	1088	178
14	508	1086	179
0	526	1088	174
0	507	1088	168
7	513	1088	170
0	523	1088	172
2	508	1088	174
11	511	1088	175
1	515	1088	179
17	516	1084	174
33	515	1075	177
32	512	1072	172
0	504	1088	176
2	503	1088	177
4	511	1088	179
0	501	1088	179
1	520	1088	176
0	516	1088	176
48	520	1069	171
8	509	1080	175
5	518	1088	173
46	522	1072	171
5	511	1081	171
7	521	1088	172
1	506	1088	169
19	519	1081	173
17	515	1084	174
11	514	1086	178
3	513	1088	178
4	518	1088	180
0	514	1088	175
12	512	1082	176
2	517	1088	178
7	509	1088	173
18	518	1085	170
2	522	1088	169
4	513	1088	167
7	521	1088	167
40	524	1073	163
7	523	1088	162
23	525	1087	162
9	521	1088	166
15	522	1088	166
8	518	1088	165
1	511	1085	172
8	529	1088	170
3	515	1088	168
9	508	1088	173
6	513	1088	170
9	519	1088	169
11	521	1088	164
0	513	1088	165
13	527	1088	166
0	514	1088	164
13	523	1088	165
9	515	1088	165
11	511	1088	166
2	513	1088	164
10	526	1088	165
22	514	1080	161
3	524	1088	159
24	512	1083	156
9	513	1088	161
1	524	1088	162
30	512	1077	159
0	516	1087	163
26	515	1081	160
2	524	1086	167
9	512	1088	161
17	525	1088	162
14	518	1088	158
7	522	1088	156
10	523	1088	157
14	517	1088	156
8	517	1088	160
15	529	1088	161
4	522	1088	159
17	511	1088	158
4	515	1088	160
36	527	1076	157
5	509	1088	160
12	520	1088	160
6	518	1088	161
11	517	1088	157
11	526	1088	156
16	525	1088	156
53	521	1068	153
14	521	1082	156
18	511	1087	149
9	528	1088	152
6	521	1088	149
2	520	1088	149
3	524	1088	151
19	526	1087	149
26	521	1083	147
4	510	1088	153
0	522	1088	153
25	524	1083	150
36	514	1072	151
13	522	1087	153
32	518	1080	150
13	513	1084	151
10	522	1088	157
16	519	1088	152
5	516	1088	152
66	523	1061	149
40	512	1068	148
7	522	1082	150
27	512	1080	146
2	521	1088	151
19	516	1085	154
8	508	1088	156
8	518	1088	159
17	518	1088	156
8	510	1088	156
11	524	1088	159
4	513	1088	160
21	514	1081	159
5	507	1088	158
11	518	1088	160
0	521	1088	154
37	524	1073	152
4	513	1087	153
15	515	1088	148
23	513	1088	143
17	525	1088	146
24	520	1087	149
10	526	1088	149
8	507	1088	152
5	513	1088	158
10	508	1088	157
0	516	1088	149
4	510	1087	152
0	510	1088	146
10	519	1088	150
4	525	1088	150
2	513	1088	154
5	513	1088	153
2	503	1088	155
14	517	1088	155
8	513	1088	152
5	510	1088	148
3	523	1088	145
18	526	1083	144
4	512	1088	149
9	510	1088	152
7	516	1088	154
3	515	1088	152
13	517	1088	152
9	508	1088	151
7	515	1088	147
4	504	1088	150
3	520	1088	153
10	517	1088	151
9	512	1088	150
15	505	1084	149
7	527	1088	148
4	519	1088	143
4	516	1088	145
5	517	1088	144
1	522	1088	144
4	515	1088	151
3	511	1088	150
3	507	1088	152
14	505	1088	149
6	518	1088	145
2	517	1088	146
0	519	1088	146
18	512	1085	143
6	506	1088	142
0	523	1088	143
0	524	1088	144
0	527	1088	144
12	521	1088	148
4	512	1088	150
2	522	1088	155
73	512	1054	154
38	514	1058	157
14	512	1076	156
44	514	1069	155
69	508	1048	153
17	521	1067	154
9	509	1086	156
4	516	1088	154
6	508	1088	154
8	516	1088	153
3	509	1088	157
17	509	1088	159
41	510	1076	157
36	513	1071	156
11	502	1083	153
18	514	1088	157
3	506	1088	160
20	506	1088	164
10	508	1087	164
12	493	1086	160
0	531	1088	167
39	500	1073	161
12	511	1087	161
0	495	1088	161
48	513	1074	166
17	507	1078	162
9	495	1088	160
18	515	1088	164
8	502	1088	163
12	499	1088	163
8	505	1088	160
22	501	1087	165
31	495	1082	166
0	511	1088	169
0	498	1088	166
18	498	1087	164
4	495	1088	164
0	509	1088	166
20	497	1085	168
5	494	1088	167
9	508	1088	167
17	495	1088	166
0	487	1088	164
2	516	1088	169
25	493	1082	166
7	502	1088	164
10	490	1088	161
10	512	1088	165
0	491	1088	156
13	515	1088	165
12	491	1088	159
14	508	1088	170
3	489	1088	162
21	500	1087	169
0	500	1088	173
5	486	1088	172
28	494	1081	170
4	479	1088	166
31	512	1079	169
1	488	1088	162
8	502	1088	172
1	479	1088	167
11	513	1086	173
10	485	1085	167
6	495	1085	166
18	484	1084	167
14	495	1088	171
3	487	1088	171
14	492	1088	171
6	491	1088	175
39	489	1073	176
20	483	1080	170
0	496	1088	167
5	492	1088	167
6	469	1088	161
11	516	1088	168
4	499	1088	168
4	485	1088	171
14	484	1085	169
29	499	1079	169
2	481	1088	167
15	495	1088	170
0	491	1088	172
20	479	1083	171
7	490	1088	169
8	479	1088	166
3	508	1088	171
27	482	1083	164
9	493	1088	166
32	479	1074	166
0	513	1086	169
3	489	1088	165
17	486	1081	165
36	490	1067	165
9	483	1077	165
14	500	1086	169
0	479	1088	165
2	512	1088	168
13	491	1084	166
4	477	1088	166
19	509	1085	171
6	485	1088	165
29	490	1076	166
4	484	1083	166
19	490	1078	162
10	484	1078	158
20	502	1083	154
0	490	1087	149
53	499	1059	147
16	485	1072	140
5	505	1081	138
39	502	1059	135
9	496	1073	137
19	512	1070	139
39	503	1063	133
12	504	1070	136
0	503	1076	135
4	503	1080	137
7	500	1084	138
10	512	1083	140
0	506	1082	142
0	515	1088	140
0	515	1087	135
0	511	1086	138
0	515	1085	140
0	522	1088	134
17	520	1080	140
0	511	1086	139
0	514	1088	143
0	516	1086	140
0	519	1088	136
0	524	1088	133
9	528	1082	134
7	512	1082	135
39	514	1065	133
16	519	1071	131
1	516	1077	133
0	519	1078	131
5	515	1081	134
0	515	1084	132
46	518	1061	134
14	520	1068	135
4	509	1072	145
4	510	1079	141
3	509	1074	140
21	523	1071	138
12	518	1074	133
29	526	1064	134
23	517	1067	130
41	518	1053	134
59	525	1037	134
0	515	1038	133
6	523	1054	136
24	527	1060	130
0	528	1067	128
0	530	1079	125
4	533	1078	128
0	530	1068	124
4	531	1073	123
7	533	1074	121
13	529	1075	122
11	524	1079	119
0	530	1078	118
6	531	1079	122
0	523	1082	118
0	537	1083	123
0	533	1085	123
0	531	1088	120
6	531	1082	122
32	537	1076	120
8	533	1081	116
0	536	1082	118
0	534	1080	119
0	544	1080	122
0	542	1086	120
0	540	1087	120
0	542	1088	121
0	543	1088	120
0	544	1088	121
0	543	1088	122
0	543	1088	120
0	541	1088	121
0	540	1087	121
0	540	1088	122
0	541	1088	122
0	540	1088	123
0	546	1085	125
0	551	1088	126
0	540	1088	121
0	548	1088	120
0	546	1084	120
0	548	1088	119
0	548	1088	117
0	548	1088	117
0	551	1088	121
0	551	1088	121
0	551	1088	121
0	553	1087	120
0	557	1084	122
0	553	1082	122
0	559	1084	121
0	555	1086	122
0	557	1088	120
0	555	1088	119
0	557	1088	117
0	553	1088	117
0	557	1080	122
27	563	1078	123
0	555	1068	123
0	562	1062	123
0	557	1067	122
0	560	1069	120
0	563	1077	117
0	566	1077	117
0	563	1075	118
0	563	1083	115
0	566	1079	117
0	570	1078	117
0	571	1071	119
0	568	1073	119
0	573	1081	120
0	573	1084	124
0	574	1088	126
0	571	1088	128
0	575	1084	129
0	583	1079	132
7	591	1078	130
0	591	1083	129
0	599	1088	127
0	591	1088	130
0	594	1088	136
4	594	1085	139
0	595	1088	136
0	594	1088	134
0	598	1088	141
0	603	1088	144
0	593	1088	144
0	596	1088	143
0	600	1088	146
0	597	1088	144
0	593	1088	143
0	597	1088	149
0	607	1088	153
0	600	1088	148
0	602	1088	150
0	608	1088	153
6	593	1088	152
0	615	1088	156
3	591	1088	150
21	618	1082	149
0	593	1088	144
3	630	1088	146
4	605	1085	145
0	600	1088	148
0	595	1087	150
0	603	1088	149
3	599	1088	152
0	612	1088	150
2	599	1088	146
0	606	1088	147
5	606	1088	155
4	590	1088	150
1	632	1088	155
0	606	1083	157
6	611	1085	158
0	594	1088	153
0	615	1088	151
0	600	1088	149
0	608	1083	154
0	599	1086	157
0	597	1085	161
0	610	1088	160
0	600	1088	154
5	610	1088	156
1	606	1088	151
5	601	1082	153
0	597	1088	150
2	623	1088	151
4	603	1088	147
0	612	1088	149
0	601	1087	153
0	598	1088	155
0	619	1088	157
0	599	1088	148
12	614	1088	150
0	599	1088	145
0	628	1088	148
0	593	1086	148
1	622	1086	156
0	605	1088	153
0	605	1087	151
0	600	1088	151
0	612	1088	153
0	598	1088	155
0	592	1088	161
0	618	1088	163
0	598	1088	158
0	603	1082	160
0	594	1081	158
0	621	1086	160
0	596	1088	154
0	615	1084	155
0	589	1083	154
0	614	1087	156
0	589	1088	157
0	618	1088	157
0	602	1088	151
0	594	1088	149
0	617	1088	152
0	589	1088	152
1	616	1088	156
0	589	1086	150
0	618	1087	158
1	596	1085	158
0	602	1088	153
0	593	1088	156
0	593	1088	156
0	586	1084	155
0	619	1088	158
0	592	1085	159
0	593	1088	158
0	590	1083	155
1	606	1088	156
9	594	1086	150
0	595	1087	152
0	591	1087	149
0	617	1088	150
1	599	1088	149
1	601	1087	146
0	598	1083	146
0	595	1087	145
0	594	1084	149
0	591	1087	141
7	611	1083	142
0	587	1088	144
4	608	1081	145
0	583	1088	143
9	610	1082	149
0	589	1088	141
8	609	1088	141
0	585	1088	141
3	611	1088	147
0	588	1088	145
0	595	1088	147
0	589	1088	143
0	588	1088	146
2	580	1088	148
0	602	1088	150
1	575	1088	144
4	611	1088	149
0	581	1088	148
0	596	1088	148
0	592	1088	147
0	583	1088	149
0	581	1087	144
0	608	1088	147
0	588	1088	146
6	592	1083	146
0	592	1087	151
0	590	1088	149
0	587	1088	149
0	576	1088	147
0	590	1088	142
0	580	1088	141
0	580	1088	145
0	577	1088	147
0	582	1088	148
0	591	1088	145
0	576	1088	141
0	571	1088	143
0	574	1088	141
0	573	1088	139
0	570	1088	137
0	563	1088	134
0	578	1088	138
0	577	1088	136
0	572	1083	134
0	572	1088	133
0	569	1084	133
0	567	1086	129
0	566	1088	126
0	570	1083	129
0	577	1077	128
0	568	1073	127
0	570	1074	125
0	565	1071	125
0	573	1072	123
0	571	1072	126
0	577	1077	128
0	570	1070	130
0	572	1073	131
0	568	1068	129
0	571	1065	129
