801	481	151	83
804	482	150	84
804	482	149	85
805	483	148	85
806	483	147	86
807	482	147	86
807	482	146	86
807	482	146	85
808	482	145	86
808	483	145	86
809	483	145	86
809	482	144	87
810	482	144	87
810	483	143	87
811	483	143	87
811	483	143	87
812	483	143	87
812	484	143	87
812	484	142	87
813	484	142	87
814	484	141	87
815	484	141	87
816	484	140	87
815	485	140	87
816	485	140	87
817	485	140	87
817	485	140	88
818	485	140	88
818	485	140	88
819	485	140	88
819	486	140	88
820	486	140	88
820	487	140	87
820	487	140	87
821	488	140	87
822	488	140	87
822	489	140	86
823	488	140	86
824	490	140	86
824	490	140	86
826	491	140	86
827	492	141	86
827	492	141	86
827	492	142	87
828	493	142	88
829	493	143	87
830	494	143	87
829	493	144	86
831	493	144	87
832	494	144	87
833	493	145	86
834	493	145	86
835	494	146	87
835	495	146	88
838	495	146	88
839	495	146	89
840	494	147	88
840	494	148	87
842	495	148	87
842	496	148	87
844	497	149	87
844	496	150	87
847	496	150	87
846	495	150	86
849	494	151	87
849	495	151	87
849	495	152	87
852	493	152	87
852	493	152	88
854	493	152	90
854	492	153	89
855	492	153	90
856	492	154	89
854	492	155	88
857	492	155	87
854	492	157	87
857	491	157	86
856	490	157	88
856	491	158	87
856	491	158	86
858	490	158	87
857	490	158	87
856	490	158	87
855	489	159	88
860	487	158	87
854	486	159	88
861	486	157	89
855	485	158	89
856	485	158	89
859	485	157	89
856	484	157	89
859	483	155	90
855	482	155	90
858	481	154	90
856	482	153	90
858	481	152	90
865	480	146	93
876	483	137	95
885	479	129	97
888	478	122	98
890	475	117	97
890	476	114	94
890	475	111	92
890	477	109	90
890	478	107	88
888	473	106	85
887	474	105	82
884	474	106	79
880	473	107	78
879	471	109	78
875	470	111	78
870	467	112	79
868	467	113	79
861	462	116	81
858	464	118	83
852	461	121	83
848	457	123	85
840	457	126	87
836	450	127	91
829	451	130	93
825	445	132	96
818	444	134	98
814	440	135	101
808	437	137	104
825	443	139	106
819	444	140	108
815	442	141	110
808	437	143	112
804	434	145	114
799	434	146	117
794	430	146	119
789	429	148	121
784	428	149	123
778	427	151	126
775	428	152	129
771	428	153	130
767	426	154	130
763	427	154	131
761	425	154	136
760	420	154	138
756	420	154	138
753	422	154	139
752	423	154	141
750	420	154	141
748	425	153	143
746	423	153	148
744	428	152	154
741	472	152	162
740	468	152	167
738	465	153	172
737	461	154	177
736	451	153	185
734	447	152	192
733	436	152	199
731	430	153	207
732	422	152	213
732	425	152	215
731	422	153	219
732	419	153	221
733	424	153	221
730	417	154	222
731	425	154	221
731	421	154	222
730	422	155	222
730	420	155	224
731	422	156	224
731	421	157	223
729	421	158	223
733	425	157	224
732	421	157	226
733	422	158	226
733	426	158	226
734	422	159	228
735	424	159	229
735	423	160	229
738	424	160	228
736	428	161	226
737	424	161	225
737	427	162	223
738	430	162	223
737	429	163	225
739	427	164	225
741	428	163	226
740	430	164	227
741	431	165	227
742	434	165	226
743	435	165	228
743	432	166	228
744	434	166	226
744	435	167	225
745	436	167	225
746	438	168	225
746	437	169	227
746	436	169	228
747	437	170	229
748	438	171	229
749	438	171	227
748	441	172	227
748	441	172	227
750	439	174	226
749	444	174	228
751	449	174	228
752	441	175	230
751	445	176	228
752	444	176	227
751	447	177	225
752	445	178	224
750	451	178	226
753	452	178	225
753	448	179	225
751	453	179	227
753	455	180	226
753	455	181	226
753	460	181	224
752	464	182	224
752	459	183	226
752	462	184	224
752	463	184	221
752	465	184	221
752	466	185	221
752	466	186	222
751	467	186	221
751	467	187	221
751	471	187	221
751	470	188	222
749	475	188	224
750	475	189	225
751	477	189	226
749	479	190	227
750	475	191	228
750	478	192	228
749	479	192	229
749	478	193	229
748	481	195	230
747	479	195	230
747	483	196	230
748	479	197	229
747	482	197	229
747	481	198	227
746	484	198	230
747	489	198	233
745	489	200	234
745	490	201	234
745	491	201	235
746	490	202	235
746	493	203	235
746	490	203	234
743	493	204	235
745	491	204	236
746	493	204	236
746	496	204	236
745	491	205	233
743	489	206	231
745	491	206	232
743	494	207	231
744	493	207	232
744	495	208	232
743	495	209	233
744	492	209	233
744	494	210	233
744	499	210	235
745	497	210	236
744	495	211	234
744	498	212	237
742	496	213	236
745	494	213	234
745	499	214	234
744	500	214	234
744	499	216	234
744	499	216	235
745	498	217	234
746	499	217	233
744	505	218	234
744	503	219	234
744	504	220	234
744	501	220	232
746	506	220	233
745	508	220	236
746	507	222	236
744	508	223	237
746	505	223	235
745	506	224	236
747	507	224	235
747	504	225	232
746	509	225	234
747	507	227	234
745	507	227	236
749	500	228	233
748	508	228	237
748	508	228	237
748	512	228	237
748	511	229	237
748	510	230	237
747	512	230	238
750	505	230	235
750	507	231	235
750	510	232	234
749	510	232	234
751	509	233	233
752	513	233	237
750	513	233	237
752	510	233	236
752	516	233	239
752	516	233	239
753	513	233	237
754	511	233	236
754	508	234	232
753	514	235	232
755	509	236	229
752	516	237	229
752	514	238	229
753	513	238	228
754	516	238	228
754	518	238	230
752	516	239	231
755	517	239	231
755	515	239	231
753	517	240	231
754	517	240	232
752	522	242	234
752	522	242	237
752	515	242	236
753	524	243	237
752	519	243	238
754	521	243	238
749	524	245	242
751	521	245	241
750	520	245	243
751	519	246	241
753	522	245	244
750	520	245	244
750	522	246	244
750	518	246	242
750	519	246	243
748	518	247	242
749	521	248	243
746	521	249	240
746	522	250	240
745	523	250	242
745	523	251	244
745	523	251	246
746	524	250	249
742	521	252	247
740	528	253	250
741	525	254	250
741	521	253	251
741	525	253	253
741	520	254	251
738	524	256	253
739	522	256	255
739	522	256	255
734	523	257	255
733	525	257	258
735	522	257	257
734	522	258	259
733	516	259	255
734	519	259	256
730	522	259	258
732	516	260	252
729	515	261	249
729	520	262	253
727	522	262	258
726	520	262	261
725	519	263	265
725	516	264	267
724	517	267	268
724	512	268	266
723	507	268	263
721	513	268	265
721	514	269	266
723	505	269	263
715	510	271	264
716	511	271	266
715	507	271	267
716	507	270	270
717	502	272	267
712	501	274	265
708	502	273	268
708	503	273	269
710	498	275	268
706	495	278	264
704	497	278	263
701	498	278	265
702	494	277	265
700	494	279	267
700	491	278	267
695	494	280	270
697	493	281	271
692	492	280	273
693	484	282	272
691	483	282	272
684	483	280	274
687	482	282	273
683	483	284	273
682	479	285	271
679	476	283	271
679	482	284	272
682	477	285	272
669	479	281	274
676	474	283	275
665	477	282	276
670	472	284	277
663	474	284	279
665	472	285	278
659	471	284	280
657	471	282	282
656	472	282	283
656	467	282	284
653	466	283	283
642	470	280	286
647	460	283	280
644	465	284	280
639	463	283	279
636	466	284	281
637	462	285	280
630	463	281	281
631	463	281	283
628	460	283	282
621	459	282	281
621	458	279	280
621	458	280	279
619	458	282	279
590	446	288	272
581	448	291	272
573	451	295	276
559	446	302	276
553	440	309	270
540	434	315	263
530	445	320	264
520	445	326	266
512	442	330	266
502	441	334	268
499	439	338	268
487	445	343	270
480	441	346	274
475	434	349	277
466	439	354	278
460	438	359	278
455	450	362	281
446	439	366	286
442	449	368	292
433	431	373	298
441	433	369	303
428	430	375	303
417	436	380	312
412	432	384	320
406	444	389	331
400	445	395	347
394	440	401	354
390	420	406	352
388	426	409	359
381	428	409	368
381	426	409	384
377	424	409	395
381	422	409	403
376	417	409	405
376	420	408	417
373	413	411	422
373	419	412	431
368	415	415	434
367	409	419	431
365	420	415	440
365	407	419	434
361	415	417	441
359	397	421	435
356	415	423	447
356	414	423	459
360	391	426	447
356	409	426	456
358	403	428	458
355	404	426	460
358	409	427	465
358	394	431	454
358	402	432	452
357	405	431	454
358	399	432	453
359	407	432	459
363	406	431	459
362	409	431	461
363	406	433	468
366	397	434	469
365	406	431	473
365	400	434	471
368	400	435	471
371	402	435	471
369	399	434	469
371	413	432	475
374	403	434	474
373	403	435	470
374	404	436	468
375	410	435	476
378	401	434	472
378	399	435	471
378	410	433	477
380	399	434	469
379	405	433	470
382	405	433	470
381	408	433	474
381	411	434	477
381	405	433	473
383	406	433	474
383	405	434	475
380	409	432	478
379	434	433	488
377	437	435	496
376	404	441	484
381	423	440	489
381	424	438	496
381	423	438	494
386	423	436	498
388	406	437	488
386	425	435	494
386	426	434	501
387	427	435	503
387	424	434	504
386	422	436	504
387	428	438	505
386	422	436	505
385	424	436	507
382	431	436	512
387	432	436	511
385	428	435	511
388	429	436	509
388	437	434	514
391	445	433	520
391	444	435	515
389	456	437	516
389	449	436	521
392	439	437	517
393	460	437	531
392	463	441	524
388	459	438	525
393	445	440	513
395	462	439	527
394	468	439	524
396	455	438	523
399	465	437	532
398	468	438	530
399	473	438	533
402	474	440	531
403	458	440	526
406	465	440	523
407	458	438	522
408	461	438	519
409	466	437	519
410	478	436	524
408	486	436	539
408	497	439	542
410	482	443	543
407	496	441	550
413	471	441	548
416	477	439	543
413	491	441	546
413	501	442	549
421	480	442	556
419	486	444	548
419	498	443	542
422	493	443	541
422	493	440	545
424	503	439	549
431	506	441	551
428	497	440	560
432	491	440	558
432	489	437	561
433	496	434	561
437	511	437	558
439	498	439	553
438	498	437	558
442	508	436	557
442	514	436	556
443	498	436	557
444	501	433	560
446	506	435	555
447	506	435	554
447	500	435	550
450	510	434	548
450	510	435	544
451	508	434	549
456	499	433	544
454	510	433	549
455	507	433	545
455	517	432	547
457	506	433	556
460	497	434	543
459	509	433	552
463	502	432	545
465	511	431	551
463	518	430	551
464	502	430	554
467	512	429	558
467	499	431	548
467	517	432	550
467	504	430	555
466	514	430	556
469	492	431	550
469	509	431	556
473	508	428	557
474	515	427	558
473	502	428	558
473	507	428	557
474	510	428	559
474	505	429	556
475	502	427	561
478	501	426	562
477	508	428	560
476	506	430	555
477	503	427	557
