303	397	138	59
302	396	135	61
305	397	135	62
305	399	136	62
307	399	135	63
308	399	135	62
310	398	135	63
311	398	136	63
313	398	136	63
314	398	136	63
317	399	136	63
317	398	136	63
320	398	136	63
321	398	137	62
323	397	137	62
326	396	138	63
328	396	138	63
330	395	138	63
331	396	138	63
332	396	138	63
335	395	139	63
336	395	140	63
338	396	140	62
340	395	140	63
342	395	140	63
344	396	140	62
348	397	141	63
350	398	140	63
353	400	140	64
354	399	141	64
356	401	142	64
357	402	142	64
360	402	143	63
361	402	143	63
362	403	143	63
365	403	144	63
366	403	144	63
366	402	145	63
367	402	146	62
367	402	146	62
367	400	146	63
369	399	147	63
370	399	148	63
369	398	147	63
370	398	147	63
372	399	148	62
374	398	147	62
376	399	148	62
376	399	147	63
378	401	148	63
381	401	149	63
383	402	149	63
386	402	148	63
388	403	148	62
391	403	148	63
392	403	148	62
395	402	149	62
394	402	150	62
394	403	150	62
395	403	150	62
405	393	150	62
408	392	151	63
408	392	152	62
413	389	152	62
416	388	152	62
419	389	153	62
421	389	152	63
421	389	152	63
425	388	152	63
428	389	151	64
430	393	152	63
432	393	152	63
433	394	152	63
433	394	153	63
435	395	154	63
435	395	155	63
437	394	156	63
437	393	157	62
439	392	157	62
439	391	157	62
441	388	156	63
441	388	156	63
442	387	157	62
442	385	157	63
443	385	157	63
445	385	158	63
447	386	158	62
447	385	158	63
449	386	159	63
449	391	159	63
451	397	161	63
449	400	161	62
449	400	161	62
451	405	162	62
450	407	163	62
452	413	164	61
451	414	164	61
451	417	164	62
451	419	165	62
451	420	165	63
449	420	165	63
449	419	165	64
448	420	165	64
448	419	166	64
449	418	166	64
448	414	167	64
447	413	168	64
445	408	168	63
445	409	169	64
442	403	169	64
441	401	170	64
441	402	170	64
440	399	170	64
442	397	170	64
441	396	170	64
441	397	170	64
442	396	170	64
442	397	171	64
442	399	172	64
441	400	172	64
442	401	173	64
441	404	172	64
443	406	173	63
443	409	173	63
443	409	173	64
443	412	174	63
444	412	174	63
443	413	174	63
443	413	175	64
443	412	175	64
445	416	175	63
446	416	175	63
448	415	175	64
449	415	177	64
448	413	177	63
447	411	178	63
447	408	179	63
447	407	179	63
446	408	179	63
446	403	179	63
448	402	180	63
447	401	179	63
447	399	180	64
445	397	181	64
444	396	181	64
442	394	180	64
440	393	180	64
437	392	180	64
435	390	179	65
434	389	181	65
431	388	182	65
428	388	182	65
427	388	182	65
423	388	183	65
421	388	183	66
415	389	184	65
409	391	186	65
409	390	186	65
404	391	186	64
401	392	186	64
398	391	188	64
398	391	189	64
395	389	189	65
394	389	189	65
392	388	191	65
389	386	192	65
389	385	192	66
386	383	192	66
385	381	194	66
383	380	194	66
382	377	195	66
380	376	196	66
378	375	197	66
375	373	198	67
373	373	198	66
371	373	198	66
371	373	199	66
368	372	199	67
368	374	199	67
363	377	200	67
364	378	201	67
360	379	202	67
360	380	201	67
357	384	201	68
354	388	202	68
354	388	203	68
351	389	204	68
351	392	205	67
349	391	205	67
348	392	205	67
348	392	205	67
349	393	205	67
347	391	206	67
346	389	206	67
346	389	206	67
346	388	206	68
346	389	206	68
345	384	207	67
345	383	208	67
344	380	208	68
345	379	209	68
344	377	210	68
343	377	210	68
344	377	210	68
344	377	211	69
343	379	212	68
344	378	213	68
344	382	214	68
343	385	215	68
344	387	215	68
345	390	216	68
344	390	217	68
346	391	218	68
344	394	218	68
345	397	219	68
345	400	220	69
346	401	220	68
347	403	219	69
348	404	220	69
348	404	220	69
349	405	221	70
351	406	222	69
351	405	222	69
353	404	222	69
355	404	222	69
356	402	223	69
357	402	224	69
360	400	224	69
360	399	225	70
363	398	225	70
366	398	226	69
367	398	227	69
366	398	228	69
370	397	227	69
371	397	227	71
372	399	228	71
372	399	228	71
376	400	228	71
375	401	229	72
378	404	229	72
379	406	230	71
382	409	231	71
382	410	231	72
383	413	232	72
383	413	232	72
384	415	233	72
385	416	234	72
387	417	235	72
387	416	235	71
386	415	236	71
388	415	237	71
388	412	237	71
389	410	238	72
390	409	238	71
390	408	238	71
391	406	240	71
389	406	240	71
390	404	241	72
391	404	241	72
390	403	242	73
389	403	241	73
390	404	241	74
390	406	241	74
392	407	242	75
392	409	244	75
392	411	244	75
392	412	244	75
394	414	246	75
393	415	246	76
395	416	246	75
395	417	247	75
395	417	248	74
395	415	248	74
396	412	249	74
396	409	249	74
399	402	252	74
399	400	252	74
399	392	253	75
398	389	253	76
398	379	256	75
398	376	257	75
398	376	258	74
398	372	259	74
398	372	260	74
398	371	261	74
399	371	263	73
399	370	264	73
400	373	264	73
400	374	264	73
400	380	267	72
401	381	267	72
401	386	268	72
401	388	269	72
401	391	270	72
404	393	270	72
404	395	272	72
404	396	272	72
405	396	273	72
407	395	273	72
406	394	274	73
405	393	274	73
406	389	274	74
407	379	274	74
406	378	276	74
404	368	278	74
401	366	281	74
402	357	282	75
401	355	284	74
402	356	284	73
401	346	286	74
401	345	287	74
402	340	288	75
403	339	287	75
407	336	286	75
404	335	288	74
405	336	289	74
403	337	292	74
407	339	292	74
402	343	296	74
408	347	295	74
403	351	298	73
408	359	297	73
405	361	299	74
411	367	298	74
410	372	296	74
412	375	299	74
407	381	302	73
412	385	302	73
415	384	301	74
417	383	299	74
416	384	299	74
420	383	296	75
420	383	295	75
420	383	295	75
421	383	294	75
421	374	296	76
423	374	297	75
422	371	297	75
425	369	296	74
425	365	295	76
420	363	298	76
411	362	303	74
416	359	303	74
408	358	308	75
415	357	307	75
415	355	303	77
416	354	299	77
417	356	294	78
417	356	290	78
415	360	289	78
409	363	290	79
413	366	290	79
405	371	290	79
405	376	289	79
406	377	287	79
403	381	288	80
401	386	288	80
398	393	290	79
397	394	291	79
393	399	292	79
393	403	292	79
392	404	292	79
392	406	292	80
389	409	293	79
391	410	293	79
390	409	291	80
390	408	290	81
389	408	290	81
389	409	290	80
386	402	290	81
386	399	291	81
383	395	291	80
383	391	291	81
383	386	291	81
380	377	291	81
380	377	292	81
380	373	293	82
377	369	292	82
377	365	294	83
377	366	294	83
376	365	294	84
375	365	295	83
375	365	295	83
373	366	297	84
374	369	299	83
374	374	301	83
372	376	303	83
372	381	303	84
374	385	303	84
371	391	303	84
373	396	304	83
374	400	304	84
374	403	303	84
373	405	303	84
372	405	302	85
371	404	301	85
371	405	301	85
368	400	300	85
369	399	302	84
366	393	302	84
365	393	303	84
366	392	305	84
365	392	305	84
356	366	306	86
357	366	306	86
355	360	305	86
355	358	305	85
352	354	305	85
352	353	304	85
347	349	304	85
348	348	306	85
345	345	306	85
342	344	307	86
339	344	310	86
338	344	310	87
336	345	310	87
336	348	311	87
331	349	311	87
332	352	313	87
327	358	312	87
324	361	313	87
322	360	314	87
318	363	314	87
317	363	315	88
315	363	314	88
308	364	315	89
304	363	315	88
304	365	317	88
300	363	316	88
295	362	316	89
291	361	316	89
285	360	316	90
282	360	315	89
275	359	316	89
273	358	316	89
266	358	317	89
264	356	316	89
257	355	318	89
256	354	319	90
250	353	320	91
248	352	322	92
242	353	322	92
238	354	323	93
234	355	322	92
224	359	323	92
225	361	325	91
218	361	325	92
215	364	326	92
210	367	326	92
208	369	326	92
203	374	326	92
200	375	326	93
201	376	325	92
194	380	325	92
193	382	325	93
188	386	325	93
185	387	326	93
183	388	327	93
179	388	327	94
177	391	326	94
174	391	327	95
171	390	325	94
169	389	326	95
167	388	325	94
166	386	323	94
164	383	324	94
162	381	323	94
160	377	323	94
162	378	324	93
161	377	323	93
161	377	325	93
160	377	324	93
150	368	325	95
150	368	326	94
148	368	327	94
147	369	328	94
145	368	328	95
143	369	329	96
140	369	329	96
138	370	329	97
137	371	330	97
135	372	330	97
134	372	330	97
130	372	330	96
129	372	330	96
127	371	329	96
126	370	329	96
123	369	329	96
122	369	329	96
119	363	329	96
119	362	330	96
115	358	331	96
114	356	329	96
113	353	329	96
113	352	331	96
109	348	332	96
108	347	332	96
106	346	334	96
104	346	335	96
104	346	336	97
104	346	336	97
102	349	337	97
99	351	337	97
100	356	337	97
100	357	338	97
99	364	339	96
97	365	339	96
97	372	339	96
97	375	340	95
97	381	341	95
96	383	341	95
96	387	340	95
97	388	340	95
98	389	340	95
99	389	340	96
100	390	340	96
99	391	341	95
101	391	340	95
102	387	340	96
105	386	340	95
104	384	339	95
108	381	340	96
105	380	341	96
107	379	342	96
109	378	342	96
110	376	342	97
109	374	342	98
111	375	343	97
112	374	343	97
113	373	345	97
115	373	345	98
115	374	345	98
115	373	346	98
118	372	348	99
116	371	348	100
120	373	349	100
119	371	348	100
119	371	349	101
118	370	348	101
119	371	349	101
130	364	350	100
129	363	350	100
131	358	349	102
133	355	350	102
135	350	350	103
137	350	350	103
139	344	350	104
138	342	350	104
139	342	352	103
140	338	352	104
141	336	351	104
143	334	351	104
146	333	351	105
147	332	351	104
146	332	351	104
149	334	352	103
150	334	353	103
150	335	355	104
152	336	356	105
154	340	358	105
155	341	358	106
156	349	359	105
156	351	359	105
159	358	359	105
164	366	361	105
162	370	361	105
166	377	361	104
168	379	362	104
169	383	363	104
171	385	363	105
177	388	362	105
173	386	362	106
177	388	362	106
178	389	363	105
180	389	363	105
182	388	361	104
185	387	361	104
188	383	363	104
189	382	362	104
193	377	363	105
194	375	364	105
197	371	366	105
199	370	365	105
202	368	366	105
201	367	366	105
206	367	366	104
205	366	367	104
208	366	368	105
210	367	368	105
215	371	368	104
214	373	369	105
217	373	369	106
219	378	370	105
218	377	371	105
223	379	371	105
223	379	371	106
222	380	371	106
227	379	369	107
229	380	370	107
234	379	370	108
234	380	370	107
241	380	369	107
239	380	369	107
241	381	370	106
253	378	370	106
261	377	371	107
261	375	371	108
268	370	370	109
271	370	371	108
279	365	369	109
281	364	370	109
288	361	370	108
291	358	371	109
298	353	370	109
311	351	373	109
312	351	376	109
320	350	377	109
321	351	379	109
331	352	380	110
335	356	382	111
333	354	382	112
343	359	382	110
346	360	383	111
353	367	383	110
355	370	383	110
363	375	382	110
365	377	384	110
371	379	384	110
375	380	384	110
382	381	382	111
384	383	385	110
393	382	383	110
396	381	383	111
404	378	383	112
405	377	384	111
415	369	384	112
411	368	385	112
421	362	387	112
422	357	387	111
424	352	387	112
426	347	387	114
427	346	389	114
426	343	387	115
427	343	388	115
427	343	389	116
429	343	389	115
429	342	390	116
430	342	392	117
434	343	394	116
430	344	394	116
436	351	394	115
435	352	393	115
440	355	393	115
442	357	394	116
448	361	394	115
449	363	396	116
452	368	398	115
454	369	397	116
458	369	398	116
463	369	399	116
464	372	399	116
464	372	399	117
467	367	399	118
470	364	398	118
474	362	399	118
476	358	398	118
476	357	397	118
477	356	397	118
478	357	397	117
478	357	397	117
478	357	397	116
486	345	397	118
488	345	398	118
489	345	398	118
489	344	397	118
491	345	397	117
494	345	396	117
495	346	397	117
499	349	400	117
498	353	401	117
502	357	403	117
503	358	404	118
506	364	403	118
510	365	404	118
510	371	404	118
516	375	403	118
518	375	402	119
521	378	404	119
522	378	402	119
527	374	401	120
528	375	400	120
528	376	401	119
532	372	401	121
533	375	401	120
538	369	399	121
540	366	401	122
541	362	401	122
543	359	400	122
547	356	401	122
547	351	401	123
550	348	401	123
551	347	402	123
551	343	402	123
554	343	399	124
558	341	398	124
558	339	398	124
561	344	399	122
562	343	399	123
566	350	399	121
565	346	398	123
568	351	398	122
571	354	398	122
572	356	399	123
574	359	400	123
575	358	401	124
575	358	401	125
578	364	401	123
576	363	401	125
582	364	402	126
581	365	401	126
583	366	398	126
584	364	396	127
588	364	395	127
588	363	395	127
591	361	394	127
590	359	394	128
594	357	393	128
596	353	392	130
599	351	392	129
599	348	393	129
603	346	393	130
602	344	392	129
603	344	392	130
604	343	392	131
603	343	392	130
604	343	392	131
614	343	392	131
614	348	391	129
616	349	392	129
615	350	391	129
617	351	389	130
620	355	389	129
623	359	389	129
624	359	388	129
627	362	389	129
629	363	388	129
630	364	389	128
631	366	389	128
635	364	388	129
635	364	387	129
636	362	385	130
640	361	385	130
642	359	383	130
644	356	383	129
646	353	382	129
650	349	382	129
650	350	382	130
651	348	381	129
656	345	381	129
656	343	380	128
657	341	379	129
661	342	379	129
660	341	379	130
661	341	379	130
661	340	378	130
662	343	378	130
663	341	377	129
663	343	377	129
663	346	376	128
665	346	375	129
666	349	374	128
667	350	374	128
667	353	374	128
665	352	372	129
669	354	373	129
667	353	371	130
670	354	372	130
670	356	371	129
670	355	369	129
672	356	366	129
675	353	365	129
676	354	364	129
676	354	364	130
678	351	365	130
678	352	362	130
678	352	361	130
679	349	361	130
679	348	360	130
681	349	359	130
680	348	358	131
685	348	356	131
684	348	356	132
689	350	354	131
688	351	352	131
693	354	349	130
692	355	347	131
695	358	347	131
695	359	348	131
695	363	347	130
695	362	348	131
696	362	349	132
695	362	349	133
695	363	349	133
701	370	342	133
705	369	337	135
707	368	334	136
710	365	331	137
711	365	328	137
717	359	327	137
713	362	327	135
717	357	325	136
716	356	323	136
721	351	322	136
719	349	321	135
723	344	318	136
724	345	316	135
727	340	314	135
727	339	313	135
728	337	311	134
731	337	312	134
733	336	312	133
732	337	312	133
733	338	310	134
734	338	307	135
736	341	306	135
736	341	303	136
738	344	301	136
739	347	298	136
740	348	296	136
742	352	293	136
743	351	292	137
745	352	290	137
748	353	290	136
748	354	288	136
749	355	286	136
750	355	285	136
751	355	285	136
752	354	283	136
753	353	281	135
755	351	279	136
755	350	277	136
756	350	276	136
757	347	274	137
760	348	272	137
761	347	272	136
761	346	271	136
761	344	270	136
761	346	268	137
760	344	267	137
762	342	265	140
762	344	262	140
761	344	261	140
760	345	259	140
761	348	258	140
760	346	257	141
763	347	255	141
761	349	256	140
760	348	254	141
759	349	251	142
763	349	249	142
760	351	249	142
760	352	248	143
760	351	246	143
761	351	245	143
760	349	244	143
761	350	243	142
762	350	243	141
765	348	241	141
765	349	240	141
764	347	238	142
765	343	237	141
766	345	236	141
766	343	236	140
765	340	235	140
768	337	233	140
770	336	231	140
770	336	229	140
771	335	229	140
772	342	228	138
772	340	226	140
772	340	225	140
774	341	224	141
777	341	223	141
776	346	224	139
777	348	224	138
777	350	224	136
778	355	223	136
778	356	223	136
778	357	221	135
779	359	221	135
779	360	219	135
778	361	219	135
778	361	218	135
780	359	217	135
781	358	216	136
782	357	214	136
782	357	213	137
784	353	211	137
784	354	211	138
784	354	210	137
784	353	209	137
785	350	206	139
785	352	206	136
787	349	204	136
787	352	203	135
788	349	202	135
789	349	201	136
790	348	200	136
790	350	199	137
790	351	200	136
790	350	200	136
790	348	200	136
790	349	199	136
790	349	199	135
791	350	198	134
792	350	197	133
794	346	194	134
797	346	193	134
796	352	194	131
795	349	193	131
798	349	190	132
798	348	188	132
795	350	189	132
796	347	187	133
795	348	186	132
794	347	185	132
793	346	185	131
793	344	184	132
793	344	183	131
792	343	182	131
792	343	182	132
793	342	182	132
793	341	182	133
793	337	181	133
788	340	181	132
789	339	181	132
788	338	179	133
789	339	179	131
786	338	179	132
786	338	179	131
783	337	179	132
782	338	178	133
780	338	177	134
779	339	178	133
777	340	177	134
776	341	178	134
773	345	177	133
773	345	178	132
769	347	176	131
765	348	174	131
766	348	174	131
761	352	172	130
759	350	172	130
754	352	170	131
755	352	170	132
749	352	170	132
750	354	171	131
747	352	170	132
743	353	169	131
742	351	170	130
736	353	168	130
735	353	169	129
730	351	166	130
727	352	165	131
724	351	164	131
721	352	163	131
716	350	162	132
716	349	162	132
709	348	160	134
709	348	160	135
701	347	158	135
700	346	158	134
694	346	157	134
687	345	156	133
687	345	157	133
682	345	155	134
681	344	155	135
675	344	154	134
675	343	154	133
667	345	154	133
669	346	156	131
664	347	154	132
661	348	153	132
660	348	153	133
656	350	152	134
654	351	151	134
648	354	150	134
647	356	151	131
641	357	150	131
640	360	151	128
635	359	150	130
632	359	149	131
628	359	148	131
626	358	147	132
621	357	147	130
619	357	146	130
614	357	146	129
614	358	146	129
614	357	145	129
598	353	144	127
595	357	146	125
586	353	143	126
584	355	143	126
577	356	142	127
577	357	140	126
573	361	141	125
565	359	140	125
563	365	141	124
555	363	140	126
553	367	140	126
546	367	139	128
545	369	139	127
538	372	139	127
534	371	138	126
530	374	138	126
527	372	138	126
522	374	137	126
520	375	137	124
515	373	138	123
514	375	138	123
508	373	140	122
506	373	138	123
500	370	139	122
496	368	139	123
494	367	137	125
494	368	140	123
490	367	141	122
484	363	141	122
484	365	139	124
485	367	139	124
481	364	140	123
479	365	139	123
476	364	138	124
476	365	139	123
471	365	139	123
471	367	139	123
468	363	140	124
467	363	139	125
464	362	139	126
465	361	139	126
464	363	140	125
463	363	140	126
463	363	141	126
463	364	141	127
461	363	141	128
462	364	142	127
461	363	142	128
462	365	142	129
460	365	142	129
460	365	142	128
458	367	141	130
458	369	140	131
458	367	141	130
457	370	140	130
456	367	139	132
456	371	139	133
456	371	139	133
454	371	139	133
453	371	139	132
452	371	139	131
451	369	140	131
451	369	140	132
450	368	141	133
450	368	141	134
450	367	141	134
450	366	140	135
447	361	141	134
446	361	143	135
446	360	144	135
445	359	145	135
446	360	145	135
445	359	146	136
444	359	147	136
445	360	148	136
443	360	149	136
443	360	149	136
443	361	150	137
443	360	150	136
442	361	151	136
441	359	152	135
444	359	152	136
444	358	152	136
444	357	154	136
445	358	154	137
446	351	155	136
444	354	156	137
444	352	157	137
449	351	155	137
452	348	156	137
452	348	156	137
452	350	157	137
449	347	159	137
451	351	158	138
449	347	159	139
457	349	156	140
454	349	156	140
455	350	156	141
456	351	156	141
457	350	155	142
453	352	157	142
456	352	157	143
456	350	157	144
456	350	158	144
457	350	157	144
454	349	158	145
454	347	157	144
456	345	156	145
457	344	155	145
458	343	155	146
457	341	155	147
453	338	156	149
454	338	156	150
453	336	156	150
450	337	158	150
451	334	157	150
454	336	155	151
452	333	156	151
453	335	156	152
452	335	157	151
453	336	157	151
451	337	158	152
449	338	160	152
451	337	159	152
451	339	160	152
450	340	160	152
451	340	160	152
456	341	158	153
445	346	164	150
453	344	161	150
439	347	168	148
451	346	165	147
438	349	170	146
451	353	167	148
441	356	172	145
441	358	173	145
439	362	175	143
445	359	174	145
436	357	177	144
455	356	171	147
446	354	174	146
451	351	171	149
453	349	169	150
447	349	173	148
443	348	175	147
451	347	170	150
439	338	176	149
455	341	172	150
454	341	172	150
452	346	172	147
445	337	176	147
454	334	171	149
460	335	167	151
461	337	166	151
461	340	165	152
458	335	169	151
454	340	171	149
449	329	173	150
453	331	173	149
452	337	174	147
462	334	169	151
452	334	172	149
454	336	173	146
455	340	173	144
455	338	173	144
446	340	179	141
415	350	196	131
443	337	193	137
424	354	203	129
404	343	211	131
412	340	216	134
392	350	220	128
408	342	224	131
397	341	220	133
399	340	229	132
435	321	214	145
432	332	210	142
409	315	216	144
408	313	216	145
403	296	212	150
435	295	205	153
416	291	210	152
398	287	216	151
404	276	218	153
405	276	223	151
405	267	220	155
403	277	218	152
405	278	218	153
420	276	211	157
415	290	214	157
416	297	212	160
406	311	215	156
427	303	206	161
432	332	203	160
409	337	212	154
406	322	208	158
417	350	201	162
405	366	205	154
396	365	206	152
435	368	194	158
433	376	191	158
396	402	209	145
376	385	216	145
397	398	216	143
367	397	223	141
381	389	221	146
384	379	215	150
388	377	214	151
371	377	217	148
390	381	222	145
359	374	229	145
389	371	224	150
359	367	230	149
379	352	229	155
373	349	226	157
369	341	224	158
369	354	229	151
393	335	218	156
376	354	225	148
361	335	228	150
395	342	223	150
357	345	231	145
414	337	212	155
411	350	208	152
379	341	211	151
403	354	216	144
375	342	219	144
384	357	228	137
345	359	237	131
355	353	239	133
409	353	223	141
365	339	220	145
404	347	214	144
368	344	222	141
351	355	237	132
375	336	230	140
370	362	244	127
340	356	252	123
352	335	252	128
357	339	250	131
335	323	241	137
342	329	246	132
341	318	249	135
359	309	246	139
384	319	242	137
348	311	247	137
342	305	251	137
358	302	250	139
332	298	251	138
338	294	257	136
354	283	253	141
390	281	238	147
359	277	243	145
386	278	234	147
350	281	243	140
387	278	234	140
370	283	235	138
394	280	224	143
376	290	226	137
368	280	223	140
420	283	210	144
409	291	193	156
413	303	188	162
388	328	194	156
409	350	196	146
410	341	191	148
404	347	183	157
408	379	188	142
317	375	201	133
356	369	200	133
370	381	197	131
372	374	193	133
359	365	191	134
365	371	188	132
359	369	181	134
339	342	170	142
340	347	172	138
336	347	172	136
303	315	159	143
301	311	150	150
294	303	146	149
291	301	141	151
280	295	141	149
277	293	139	149
269	294	137	150
267	298	138	149
253	299	140	147
238	304	141	147
234	308	142	147
225	314	143	147
224	320	142	148
219	328	142	150
221	330	142	151
222	330	143	151
214	333	145	151
215	335	145	150
216	335	147	149
219	335	148	148
219	332	147	147
223	330	147	146
228	326	147	146
231	325	148	146
239	329	154	140
240	328	156	136
247	327	160	132
244	321	159	130
269	335	164	125
249	304	158	130
273	321	159	129
276	322	167	125
284	328	174	120
278	313	171	123
298	333	172	122
361	370	171	118
357	369	171	116
319	339	171	116
345	357	176	111
318	343	174	116
328	342	167	119
338	339	159	122
357	345	157	125
362	342	152	129
378	348	152	130
393	361	155	126
408	373	160	118
446	399	165	113
451	390	171	110
423	355	167	113
443	366	173	107
450	344	172	110
467	352	171	106
478	356	173	102
482	330	166	109
497	337	169	105
525	337	169	103
564	364	171	99
552	341	171	101
563	349	173	102
547	323	169	110
574	343	171	105
560	326	166	113
572	342	170	108
593	349	172	105
588	343	172	108
599	323	170	112
603	324	163	119
606	323	163	120
620	338	165	117
630	340	167	113
670	373	167	108
697	382	166	108
