937	529	142	36
934	528	144	33
932	529	144	32
931	529	145	31
930	529	145	31
929	530	146	30
927	530	146	30
927	530	146	30
926	530	147	30
925	530	148	30
924	530	149	30
921	531	148	30
920	530	149	30
918	531	150	30
917	530	150	30
915	530	150	30
915	531	150	31
912	531	149	31
911	531	149	31
910	532	149	30
909	530	148	30
907	531	148	31
906	532	147	30
904	531	146	30
903	532	146	30
902	532	146	30
901	532	144	30
902	533	144	30
900	532	143	30
898	532	142	30
898	533	141	30
897	533	141	30
897	533	140	30
894	533	139	30
894	534	140	29
892	534	140	29
890	535	140	29
890	535	140	29
889	535	140	28
887	535	140	28
887	535	140	28
884	536	138	28
884	535	139	28
882	535	139	28
882	535	140	28
879	535	140	28
878	536	139	28
877	535	138	28
876	536	138	28
875	536	138	28
872	536	138	28
871	537	140	27
870	538	140	27
868	538	140	27
868	537	139	27
866	538	138	27
866	536	137	27
865	538	137	27
863	538	136	27
862	539	135	27
861	535	134	29
860	536	133	29
859	536	133	29
858	537	133	29
856	536	132	29
854	537	132	29
853	537	132	29
852	538	132	29
852	537	132	29
850	536	132	29
848	537	132	29
846	537	131	29
847	536	131	29
846	537	131	29
844	536	130	29
844	536	130	28
843	537	130	28
841	537	130	28
839	537	130	28
838	537	129	29
837	537	130	28
835	536	130	28
835	537	131	27
834	537	131	27
831	537	131	27
830	537	132	27
829	538	133	27
827	536	131	28
827	536	132	27
826	537	131	27
824	536	131	28
822	536	132	27
821	537	132	28
819	535	131	28
818	536	130	28
817	535	129	28
816	536	129	28
814	535	129	28
813	535	129	28
810	534	127	28
811	535	128	28
809	535	128	28
807	535	128	28
805	533	128	28
805	534	128	28
803	534	129	28
802	535	129	29
800	533	130	29
798	534	129	29
797	533	129	29
795	532	129	30
794	533	129	30
793	532	128	30
791	532	127	30
791	532	127	30
790	532	127	29
787	531	127	29
786	531	127	30
786	531	126	30
784	531	126	29
783	531	127	30
782	529	127	30
780	530	127	30
780	530	126	30
779	530	126	30
778	530	126	30
775	530	126	30
775	529	126	30
773	529	126	30
771	528	126	30
770	528	126	30
768	528	126	30
767	528	125	30
766	527	126	30
765	528	126	30
764	527	126	30
763	527	126	30
761	528	125	30
760	528	125	29
760	527	125	29
758	527	126	29
757	527	125	29
756	527	125	29
755	527	124	29
754	527	126	29
752	527	128	29
749	527	127	29
749	527	128	29
748	527	129	29
746	526	128	29
744	526	128	29
742	526	127	29
743	526	128	29
741	526	127	29
739	526	126	29
739	526	125	29
738	526	125	29
737	526	124	29
735	525	125	29
735	525	125	28
733	525	125	28
733	526	125	28
730	525	124	29
729	525	124	29
729	525	124	29
728	525	123	28
726	524	124	29
726	524	124	29
724	524	124	29
722	523	123	29
722	524	122	29
721	523	123	29
719	523	122	29
719	523	123	29
716	522	122	28
715	523	122	28
715	523	122	28
714	522	121	28
713	522	122	28
711	522	122	28
712	522	123	28
710	522	123	28
707	522	123	28
707	521	124	28
705	522	124	29
705	522	124	28
704	521	124	28
703	522	124	28
701	522	124	28
700	522	124	27
698	521	124	27
698	521	123	27
697	521	123	27
696	522	123	27
694	522	123	27
694	521	123	27
692	521	123	27
691	522	122	27
690	522	122	27
689	521	122	27
688	521	122	27
687	521	122	27
686	521	122	27
684	521	122	27
683	521	122	27
682	522	122	27
681	522	122	27
680	522	122	27
678	521	122	27
677	521	122	27
677	521	122	27
676	521	121	27
675	521	121	27
674	521	121	27
673	521	121	27
671	520	120	27
671	521	120	27
670	520	120	27
669	521	121	27
667	521	120	27
668	520	121	27
665	520	120	28
666	520	120	28
665	519	121	28
664	520	121	28
662	520	121	28
663	519	123	28
661	520	124	29
660	519	126	29
659	519	126	29
658	519	126	30
656	518	125	30
656	518	124	30
654	518	124	30
654	519	124	29
653	519	124	29
652	518	124	29
651	519	125	29
650	518	125	30
648	519	125	30
649	519	125	30
648	519	125	30
647	518	125	30
646	519	126	30
646	519	126	31
645	519	126	30
644	519	126	30
643	518	127	30
642	518	127	30
642	518	128	30
640	518	126	29
639	519	126	29
638	518	125	29
638	518	124	29
637	519	123	30
637	519	122	30
637	519	122	30
636	520	121	30
636	519	121	31
634	519	121	31
634	519	120	31
633	519	120	31
633	519	119	30
633	518	120	30
631	519	120	30
630	519	121	30
629	519	120	29
628	519	120	29
628	519	120	29
627	520	120	29
627	519	119	29
625	519	118	29
626	519	119	28
625	519	119	28
625	519	120	28
623	519	119	28
624	519	120	28
622	519	120	28
622	519	120	28
620	519	119	27
621	518	119	27
620	519	119	27
621	518	120	26
619	519	120	27
618	519	120	27
618	519	120	26
618	519	120	26
617	519	120	26
616	519	119	26
618	518	120	26
616	519	119	26
614	518	117	26
615	519	117	26
614	519	117	26
613	519	117	26
613	519	117	26
612	520	117	26
612	520	116	26
612	519	116	26
612	519	117	26
611	519	117	26
612	520	118	27
610	519	117	27
610	519	117	26
610	519	117	26
609	519	116	26
609	519	115	26
609	519	115	26
609	519	115	26
609	519	114	27
608	518	114	26
607	519	114	27
608	519	115	26
607	519	115	26
606	519	114	26
606	519	115	26
605	519	116	26
605	519	116	26
605	520	117	26
604	519	116	26
604	519	117	26
603	520	116	26
603	519	116	26
604	519	116	26
602	518	116	26
602	519	115	26
603	519	116	26
602	520	115	26
603	519	115	26
601	520	115	26
601	519	116	25
601	519	116	25
601	519	116	24
600	520	115	25
600	519	116	24
599	520	115	25
601	519	115	24
600	519	115	24
598	520	115	24
598	519	115	24
598	519	115	24
598	519	115	24
597	519	114	24
598	519	114	25
598	519	114	25
596	518	114	25
597	519	114	25
596	518	114	25
596	518	114	25
597	518	115	25
596	518	114	25
595	518	114	25
595	519	114	25
595	518	114	25
594	519	113	25
593	518	114	25
593	518	114	25
594	518	114	24
593	519	114	25
593	518	114	25
592	518	115	25
592	517	115	25
591	518	114	25
591	518	115	25
591	517	115	24
591	518	115	25
590	518	115	25
590	518	115	25
590	517	116	25
589	517	116	26
590	518	116	25
589	516	116	25
588	517	116	25
588	517	116	25
588	517	115	25
586	517	114	25
586	517	114	26
585	517	113	25
586	517	112	25
584	517	111	25
585	516	111	25
584	516	111	25
583	517	111	24
583	517	110	24
582	517	109	24
582	516	109	24
582	517	110	24
582	517	110	24
580	517	109	24
580	517	109	24
580	516	109	24
579	517	109	24
579	516	108	24
579	516	109	24
577	517	109	24
577	517	109	24
577	516	109	24
576	517	109	24
576	516	109	24
574	517	109	24
576	516	109	24
574	516	109	25
572	516	108	25
572	516	107	24
571	516	107	24
571	516	107	24
570	516	107	25
569	516	107	25
569	515	107	25
568	516	106	25
568	516	107	25
567	516	106	25
566	516	106	25
566	515	107	25
565	515	107	25
564	515	107	25
564	516	107	25
562	516	107	25
562	517	108	25
561	516	108	25
560	516	108	25
558	516	108	24
557	515	108	25
556	515	108	25
557	516	107	25
555	516	107	25
555	516	107	25
554	517	107	24
553	517	106	24
553	517	106	24
552	517	106	24
551	517	106	24
551	516	107	23
551	517	107	24
548	517	108	24
547	517	108	24
547	518	108	23
546	518	107	23
546	518	108	23
545	518	108	23
545	519	109	23
543	518	109	23
542	518	108	23
543	519	110	24
540	518	109	24
539	518	107	24
540	518	107	24
538	518	106	24
538	518	106	24
537	518	106	24
536	518	106	24
535	518	105	24
536	519	107	24
534	518	107	24
533	518	107	24
532	519	108	25
532	519	110	24
531	520	111	24
529	519	110	25
527	519	109	25
529	520	109	25
525	520	108	24
527	521	109	24
524	520	108	23
524	521	109	23
523	522	110	23
521	521	110	23
521	521	111	23
522	522	112	23
520	522	112	23
518	522	112	23
517	522	111	23
517	523	111	22
516	523	112	22
515	523	111	22
513	523	110	22
514	524	111	22
512	524	109	22
512	524	109	22
511	524	110	23
510	523	110	23
509	524	110	23
508	524	110	23
506	524	111	24
505	524	111	23
504	524	110	24
505	524	109	24
503	525	108	24
502	524	107	24
501	525	106	24
501	525	107	24
500	525	106	24
500	526	105	24
499	526	105	24
499	526	104	24
498	526	104	24
497	526	104	24
495	526	103	23
494	526	103	24
494	527	102	24
494	526	104	23
492	527	105	23
490	527	105	24
490	528	105	24
489	528	105	24
489	528	106	23
487	528	106	24
487	528	106	24
485	528	106	24
486	529	107	24
483	528	106	24
483	529	107	24
482	529	106	24
481	529	106	23
480	529	105	24
479	529	105	24
478	530	106	23
476	530	105	24
477	530	105	24
476	530	105	24
475	531	104	24
474	531	104	23
474	531	103	24
474	531	104	24
473	531	104	23
472	532	104	23
471	533	104	23
471	532	105	23
469	532	105	23
468	532	105	23
468	533	105	23
468	533	106	23
465	533	106	24
465	533	105	24
465	533	105	24
465	534	107	24
463	534	106	24
463	535	107	24
460	534	106	24
460	534	106	24
460	535	106	24
458	535	105	24
459	535	106	24
457	534	105	24
458	535	106	24
456	535	105	24
458	536	107	24
454	535	105	24
456	536	107	24
454	536	106	24
454	536	107	25
452	537	106	25
452	536	107	25
452	537	107	25
451	537	107	25
449	537	107	25
450	537	107	25
449	537	106	25
448	538	107	25
447	537	105	24
448	537	105	24
446	538	104	25
446	538	105	24
444	539	104	25
445	539	103	24
444	538	103	24
444	539	103	24
443	539	103	24
442	540	103	24
441	539	102	24
443	539	103	24
441	540	103	24
439	539	102	24
439	540	102	24
439	540	103	24
439	540	104	24
438	540	104	24
438	540	105	24
436	540	104	24
436	541	105	24
436	541	105	24
434	541	105	24
434	541	105	24
433	541	105	24
432	541	104	24
432	542	104	24
434	541	104	24
432	541	104	24
431	541	103	24
431	542	102	24
432	542	102	23
430	542	101	23
431	542	103	23
430	542	103	23
430	542	102	23
429	543	102	23
430	543	103	23
428	543	103	23
428	543	103	22
428	543	102	22
428	544	102	22
428	544	101	21
429	544	102	21
427	543	101	21
427	544	100	21
428	544	101	20
427	544	101	20
426	544	100	20
426	544	101	20
425	544	101	20
425	544	101	20
424	544	102	20
423	544	101	21
424	544	100	21
425	544	100	21
423	544	100	20
425	544	100	20
425	544	100	20
424	544	101	20
424	544	100	20
425	544	99	20
425	544	99	20
424	544	98	20
426	544	98	20
426	544	97	20
425	544	97	19
426	544	97	19
426	544	96	19
427	544	96	19
426	544	95	19
427	544	96	19
427	544	95	19
427	544	96	19
427	544	95	19
426	544	95	20
426	544	95	20
425	544	96	19
426	544	96	20
426	543	96	20
426	542	96	21
428	542	96	21
427	542	96	20
428	541	96	21
423	540	96	21
428	539	94	21
426	539	95	21
430	539	93	22
428	539	95	22
429	539	94	22
428	537	94	23
428	538	94	23
430	539	94	23
428	538	94	23
431	538	94	23
426	537	95	23
428	536	94	24
430	536	93	24
430	535	93	25
431	535	94	25
433	535	94	26
434	535	95	26
434	534	95	27
431	533	96	27
429	530	95	28
430	532	96	29
400	524	99	29
414	525	100	32
411	523	101	33
409	523	103	34
409	524	104	34
405	523	107	34
412	524	109	34
407	524	110	35
408	523	111	35
405	523	113	35
405	523	115	35
407	524	116	35
402	524	120	34
399	523	122	34
399	524	127	34
390	523	131	34
376	522	141	32
370	520	145	32
372	522	150	32
375	523	155	33
373	523	157	35
372	521	158	35
376	523	163	36
374	520	163	37
377	521	165	37
377	521	166	39
377	518	166	40
380	520	167	41
376	512	163	42
383	519	165	43
380	515	162	45
386	518	164	44
384	515	163	44
387	518	162	45
386	513	160	45
390	516	160	45
391	516	159	45
390	514	157	46
394	515	158	45
342	511	165	44
373	508	159	50
372	512	158	55
365	517	157	55
362	513	157	56
360	522	160	53
343	526	167	51
347	528	172	48
349	530	178	46
351	530	177	46
355	527	178	47
352	528	183	46
354	527	184	46
356	526	189	46
356	528	193	46
356	522	193	49
350	518	189	50
350	517	187	51
351	500	182	57
352	506	179	59
359	504	178	61
360	496	174	63
356	506	176	62
365	495	172	64
362	497	171	66
362	498	172	66
366	505	175	63
371	501	175	62
370	497	174	63
371	497	174	63
372	496	174	63
371	503	175	62
375	501	174	62
379	497	173	63
381	498	173	63
375	503	177	61
377	503	178	59
376	506	179	57
380	505	179	58
373	511	182	56
388	499	177	60
376	511	182	57
384	498	181	61
383	498	182	62
379	501	186	63
377	503	188	65
380	501	189	65
381	491	190	69
374	492	194	68
373	499	198	68
377	488	199	71
372	495	203	70
368	500	205	67
374	492	206	69
371	493	209	68
371	494	212	66
370	495	213	65
370	500	214	65
370	496	217	63
370	498	217	63
370	507	218	60
374	491	219	61
367	490	223	61
373	494	223	62
372	489	225	62
370	496	226	63
369	496	227	62
373	497	228	62
358	490	235	59
363	487	238	59
367	497	237	61
364	495	237	60
369	489	239	62
358	491	241	61
361	491	244	62
359	488	246	63
354	488	249	63
356	491	249	63
354	491	252	62
349	488	256	61
356	490	256	61
355	489	257	62
350	493	259	61
349	487	263	61
347	491	266	60
347	490	265	60
349	489	264	60
354	493	264	58
346	484	267	59
349	489	270	59
351	494	270	57
345	486	271	57
349	491	272	57
350	493	271	56
349	488	270	58
351	491	270	57
349	488	268	57
352	494	269	58
350	484	272	57
352	487	272	57
350	487	272	57
350	490	272	57
353	494	273	57
353	490	273	58
353	494	273	58
352	491	275	57
356	496	274	57
353	486	275	56
354	491	276	57
351	492	277	57
346	495	277	60
348	491	280	62
345	497	281	63
348	491	284	65
345	496	286	66
348	489	286	66
347	486	286	66
349	490	285	67
347	489	285	67
346	489	285	67
346	488	285	67
347	489	284	68
343	490	287	69
345	485	286	68
347	488	285	68
340	492	290	68
349	483	286	68
347	487	289	68
342	489	291	66
343	488	292	68
345	484	292	67
346	484	292	66
341	488	294	67
338	491	296	67
335	491	299	68
336	490	298	69
334	490	300	69
330	490	302	71
340	487	300	69
339	489	300	67
337	489	300	67
336	490	302	67
330	492	306	67
333	488	305	68
330	491	308	68
327	491	310	68
327	491	311	70
330	488	311	69
328	490	313	68
325	492	314	70
325	486	316	72
330	484	315	73
330	487	316	70
325	488	318	70
324	488	319	71
319	487	321	71
322	487	323	73
326	483	321	73
321	486	323	73
322	484	324	73
323	486	326	70
321	485	327	73
318	487	331	75
318	484	332	75
316	482	335	76
314	483	338	77
313	484	340	76
315	483	342	76
312	484	344	75
315	482	345	77
312	484	347	76
314	482	348	77
311	483	349	76
312	481	349	77
308	482	352	77
309	479	353	78
311	480	353	79
308	481	355	79
309	478	355	79
309	479	356	79
308	479	356	79
308	480	357	78
308	480	358	77
307	481	358	76
308	480	359	77
307	479	360	77
306	482	361	76
309	483	361	76
307	482	363	77
307	483	364	77
306	483	366	77
306	484	367	77
306	484	369	78
302	482	372	77
305	481	373	79
304	481	372	79
304	480	374	80
306	479	373	81
304	480	375	81
308	478	374	83
307	479	376	81
306	479	377	81
306	479	378	81
306	480	377	82
308	480	378	82
306	481	379	82
307	479	380	83
305	479	381	82
307	479	381	82
307	479	382	82
307	478	383	82
306	478	385	81
304	480	386	80
306	479	386	81
306	478	386	81
307	479	387	80
306	481	389	79
305	480	391	80
306	480	391	80
305	480	392	80
304	484	393	78
306	486	393	79
306	484	395	80
301	481	396	82
309	483	396	83
307	482	400	84
308	485	401	84
313	483	403	86
311	482	405	87
314	481	406	87
309	481	409	87
307	481	409	88
310	485	411	86
313	481	413	87
309	482	414	87
313	484	413	86
313	481	415	87
312	479	413	89
313	478	412	90
313	473	413	93
316	470	417	95
317	464	419	99
321	459	426	101
308	459	424	104
316	460	423	105
316	458	420	107
317	452	419	111
318	450	422	114
318	454	424	114
318	453	422	114
322	453	423	114
319	456	421	113
321	452	422	114
322	456	421	113
322	451	425	113
323	458	431	112
318	455	430	113
319	456	429	115
320	448	428	115
325	456	438	113
319	450	438	114
324	455	440	115
319	447	440	118
329	459	449	115
323	452	451	116
325	449	451	120
322	452	454	119
326	447	455	122
316	451	451	122
326	448	453	121
324	454	454	119
320	446	454	122
326	452	458	122
315	449	453	125
338	453	470	121
323	452	469	122
325	455	470	121
329	455	477	118
326	457	476	120
327	454	476	119
324	455	477	121
324	457	470	118
321	452	461	120
334	459	473	117
322	458	474	115
323	454	466	118
327	458	471	117
322	456	467	119
327	465	471	113
318	454	468	116
340	457	477	114
320	455	480	116
326	457	481	116
328	461	483	115
329	455	481	115
319	458	476	115
335	465	484	111
322	463	484	107
338	457	489	110
325	453	487	114
329	465	489	111
324	460	488	110
333	462	490	112
326	463	490	108
335	467	487	109
330	463	486	106
339	457	487	110
338	455	491	111
331	451	487	116
331	454	483	118
338	462	490	115
336	462	492	112
328	461	483	113
343	463	489	111
335	464	490	106
347	460	494	106
331	462	487	110
341	465	490	108
335	468	490	105
339	472	490	102
331	470	487	100
338	477	490	99
333	465	483	106
343	466	489	106
323	467	491	106
348	465	504	104
329	468	495	104
342	465	499	106
323	473	496	103
346	471	505	101
330	473	496	102
342	472	500	103
340	469	502	101
328	463	496	105
335	467	500	105
336	463	498	108
329	467	499	105
341	456	498	109
339	460	501	109
330	467	504	107
343	468	507	106
333	468	500	104
341	470	499	105
343	469	499	105
347	466	499	105
339	461	500	106
339	464	504	106
338	467	504	104
354	457	503	106
351	453	499	111
355	448	504	113
343	447	507	115
348	452	512	117
345	455	509	115
334	457	522	112
336	456	522	111
336	459	526	110
341	466	526	108
328	470	523	104
330	467	539	101
334	459	526	106
329	460	532	106
333	471	538	103
335	469	532	103
325	469	539	99
341	462	530	104
352	461	530	107
345	460	513	109
341	460	513	108
333	462	520	105
354	461	526	107
331	461	512	108
351	459	518	109
326	459	529	106
329	462	534	105
329	459	538	105
322	472	540	101
362	461	539	102
330	463	539	102
351	464	541	102
319	465	538	101
322	468	554	99
311	461	545	101
322	470	546	100
318	465	544	98
342	458	540	101
323	457	539	102
325	462	546	101
324	469	551	100
308	461	547	102
324	465	562	103
322	460	568	103
343	450	564	108
326	460	579	107
339	452	589	106
352	455	594	106
317	450	596	110
341	446	605	111
323	447	613	112
332	449	623	111
312	449	626	111
327	443	645	110
327	439	644	118
333	437	640	121
328	441	647	120
312	430	636	129
321	442	643	126
350	437	657	124
298	433	648	127
323	427	656	129
359	440	661	127
330	438	677	126
351	435	675	124
326	431	689	125
300	437	688	126
341	428	689	123
327	435	689	123
329	425	702	125
324	434	696	126
339	413	703	131
353	426	699	132
321	427	705	131
296	434	722	130
341	427	714	128
336	429	707	130
292	443	717	125
336	433	723	123
290	442	728	122
316	417	735	125
273	431	756	128
303	426	754	128
280	431	757	130
318	432	750	127
340	415	737	134
330	418	728	138
302	430	728	137
312	423	725	134
305	432	726	135
328	419	717	137
324	425	717	136
304	433	727	134
323	419	727	134
297	423	731	135
237	430	760	132
227	430	779	127
279	424	793	126
145	425	818	129
274	415	823	127
233	420	830	125
236	394	833	135
253	411	828	137
163	413	851	135
170	402	881	132
52	411	938	132
111	379	966	144
68	404	994	140
43	369	1016	151
66	385	1023	157
25	395	1044	149
27	392	1055	151
10	390	1068	149
0	381	1079	148
11	400	1076	148
4	383	1080	150
18	392	1076	149
0	399	1088	146
16	385	1086	148
0	377	1083	157
8	395	1088	150
0	387	1088	149
6	396	1088	144
0	402	1088	140
0	395	1088	140
0	398	1088	136
1	409	1088	135
7	382	1087	143
6	403	1084	144
9	388	1088	144
0	399	1088	143
19	388	1082	145
11	395	1081	142
6	399	1086	145
0	381	1088	142
6	400	1084	147
10	367	1083	155
5	398	1081	153
7	391	1088	147
1	385	1088	146
0	394	1087	148
7	387	1088	152
0	387	1088	150
0	400	1088	141
5	395	1088	137
0	394	1088	135
0	404	1088	132
0	363	1087	151
16	350	1074	173
1	389	1077	165
5	387	1088	153
0	400	1088	144
2	365	1088	152
40	361	1062	167
12	362	1063	173
18	373	1065	172
4	383	1078	158
0	396	1088	145
14	386	1088	141
9	398	1080	142
5	392	1088	136
0	398	1088	133
0	377	1088	142
5	399	1088	142
0	393	1088	141
3	382	1088	142
0	392	1088	147
11	381	1086	141
3	401	1088	142
1	386	1088	143
0	383	1088	142
4	394	1086	142
1	394	1088	140
7	384	1088	143
6	392	1086	140
0	385	1087	141
0	383	1087	145
1	388	1088	138
0	377	1088	142
0	390	1088	138
0	391	1088	141
0	381	1088	144
9	379	1084	144
0	382	1087	149
6	391	1088	142
0	389	1088	138
0	396	1088	136
7	375	1085	140
0	395	1086	139
12	361	1080	154
10	361	1070	167
18	371	1070	164
0	373	1079	159
0	385	1087	151
5	383	1088	143
0	376	1088	146
9	381	1084	146
0	392	1088	137
0	377	1088	141
0	383	1088	141
0	381	1088	142
0	370	1088	146
2	393	1088	143
3	384	1088	139
0	393	1088	136
0	382	1088	135
1	376	1083	136
0	386	1081	144
0	376	1088	145
3	376	1086	142
5	382	1083	143
0	384	1088	140
0	390	1088	138
0	391	1088	134
0	373	1088	139
0	389	1088	142
8	365	1082	151
4	371	1080	159
7	351	1079	165
0	383	1084	154
0	362	1088	158
1	353	1083	169
0	372	1083	166
0	379	1088	153
0	376	1088	145
0	384	1088	141
0	381	1088	136
0	381	1088	132
0	385	1088	135
0	378	1088	133
0	369	1083	142
3	372	1079	145
0	364	1086	152
7	373	1083	146
0	378	1088	143
1	378	1088	137
0	378	1088	135
0	390	1088	133
3	371	1084	137
0	382	1088	136
0	372	1088	134
0	369	1080	148
0	381	1086	141
0	367	1087	145
0	374	1088	139
0	378	1088	140
0	373	1088	141
0	383	1086	141
3	366	1081	141
5	354	1079	152
2	373	1081	152
0	360	1088	151
13	348	1077	157
4	348	1079	168
11	355	1077	165
0	370	1084	151
0	369	1088	148
0	362	1088	146
0	358	1085	151
0	374	1088	143
0	362	1088	142
0	375	1088	137
0	369	1084	138
0	367	1088	144
0	372	1088	139
0	364	1087	140
0	374	1088	140
0	371	1088	135
0	371	1088	132
0	370	1088	135
0	368	1088	134
0	386	1088	133
0	373	1088	135
0	361	1088	136
0	359	1080	146
10	371	1075	143
0	368	1086	140
0	375	1088	137
0	372	1088	135
0	367	1088	136
0	353	1083	141
2	362	1084	144
0	363	1088	139
0	367	1088	135
0	361	1088	138
0	372	1088	139
0	361	1088	140
0	363	1088	138
0	376	1088	137
0	366	1084	139
1	363	1088	137
0	367	1088	130
0	374	1088	128
0	359	1086	130
0	373	1085	132
0	362	1088	133
0	355	1088	140
9	369	1081	141
5	365	1087	137
0	366	1088	133
0	364	1088	136
0	368	1086	136
0	364	1088	133
0	360	1088	140
3	356	1087	142
0	363	1088	138
0	358	1088	138
0	360	1088	138
1	356	1084	146
0	341	1087	151
22	321	1076	164
11	328	1072	170
2	337	1069	170
16	347	1070	159
6	355	1083	150
0	349	1088	146
0	363	1088	141
9	332	1077	152
0	344	1085	154
0	365	1088	147
0	359	1088	141
0	357	1088	139
7	361	1088	138
0	361	1088	134
0	351	1088	136
0	369	1088	136
24	348	1068	140
3	355	1074	136
0	353	1078	140
0	353	1085	138
0	358	1088	133
0	336	1088	143
2	360	1085	142
0	354	1088	138
0	358	1088	133
0	363	1088	128
0	348	1088	134
0	355	1088	134
0	348	1088	138
10	349	1074	139
0	328	1076	150
0	358	1084	147
7	355	1086	141
0	331	1082	149
0	338	1082	155
0	352	1087	146
0	338	1088	145
0	355	1086	141
10	348	1079	140
0	342	1084	140
0	353	1088	136
0	346	1088	136
0	339	1088	136
0	347	1082	139
1	329	1085	142
0	352	1086	143
6	336	1087	141
0	349	1088	140
22	342	1079	137
0	338	1076	138
0	336	1088	139
0	330	1088	143
0	342	1088	145
3	335	1088	141
0	327	1088	144
0	340	1088	142
13	320	1080	153
1	332	1082	153
2	336	1088	147
1	336	1088	145
1	339	1088	143
0	321	1088	150
3	337	1088	147
23	316	1076	156
0	328	1086	154
3	323	1088	149
0	331	1088	147
10	327	1084	148
18	328	1084	148
11	323	1077	155
0	324	1088	151
24	313	1076	150
6	325	1075	155
23	333	1075	153
0	329	1081	152
39	315	1064	156
10	330	1066	155
27	317	1065	151
21	312	1069	157
2	327	1080	157
1	318	1078	160
13	326	1078	158
11	322	1080	155
0	323	1075	154
0	323	1083	158
27	310	1069	164
22	319	1065	160
0	326	1069	160
10	316	1072	160
5	322	1073	163
7	319	1074	164
22	310	1065	167
47	297	1052	173
20	298	1058	177
17	311	1060	177
37	302	1050	181
0	316	1060	174
62	318	1042	172
52	314	1038	166
16	328	1039	166
16	312	1056	162
36	302	1051	171
38	314	1053	173
11	318	1060	171
4	316	1072	169
24	318	1067	169
7	307	1072	173
5	316	1066	177
19	319	1065	173
7	320	1077	172
15	310	1077	172
1	311	1073	181
7	316	1082	178
6	310	1087	176
13	313	1070	184
6	291	1078	188
4	305	1076	192
5	297	1082	189
1	318	1084	187
5	302	1088	184
1	299	1083	189
13	295	1075	197
18	278	1073	204
4	300	1075	199
6	291	1083	203
7	287	1074	211
21	292	1069	207
8	289	1065	209
4	285	1060	209
17	284	1068	213
12	276	1071	216
17	262	1073	228
32	271	1069	230
3	277	1073	228
20	275	1071	225
9	283	1075	220
38	278	1064	222
28	288	1061	219
17	274	1069	219
14	285	1073	217
32	289	1061	215
16	267	1065	222
32	265	1062	227
23	272	1064	229
26	278	1060	226
16	279	1067	224
31	291	1062	219
18	279	1063	218
39	289	1059	221
23	285	1058	219
18	279	1064	222
8	291	1072	220
58	294	1053	218
18	262	1062	225
60	280	1045	230
11	282	1058	227
50	281	1047	227
19	285	1052	227
69	288	1044	227
36	290	1044	224
32	282	1051	222
18	300	1060	216
59	282	1048	216
39	279	1048	223
25	278	1053	229
39	277	1052	233
79	286	1035	230
33	286	1042	228
29	296	1051	225
24	301	1058	220
58	297	1044	218
30	322	1056	208
38	317	1056	204
29	308	1064	203
24	305	1063	205
118	300	1027	215
88	301	1018	214
81	310	1016	210
56	289	1024	214
15	308	1041	210
91	287	1024	218
73	298	1019	220
48	308	1034	212
26	301	1043	211
17	323	1055	202
64	303	1043	212
29	303	1049	211
42	301	1049	211
36	315	1058	208
45	307	1055	207
26	298	1058	212
20	300	1054	217
17	316	1063	216
64	291	1049	217
42	296	1047	219
32	290	1054	218
59	303	1044	221
42	306	1038	216
64	309	1033	211
38	314	1043	207
37	301	1049	206
43	299	1046	208
45	292	1047	214
18	293	1057	214
0	301	1068	210
112	282	1034	219
88	290	1014	226
50	288	1024	224
32	288	1036	225
71	281	1025	226
67	292	1019	225
60	302	1026	223
15	303	1045	212
8	315	1060	207
20	305	1066	204
34	311	1063	207
48	299	1049	204
38	293	1045	208
13	293	1056	212
82	289	1030	222
56	288	1029	220
24	288	1050	220
37	297	1050	217
24	311	1054	211
12	296	1067	207
14	281	1066	215
0	296	1064	214
45	299	1055	213
70	313	1038	207
55	289	1031	209
45	290	1033	213
62	272	1032	220
62	286	1035	222
74	265	1027	226
106	261	1008	232
124	258	983	232
156	259	960	238
172	267	935	237
144	278	951	232
181	273	931	233
157	265	925	230
193	277	910	228
161	276	922	221
221	259	900	228
124	276	925	221
172	263	919	224
168	264	916	226
178	263	914	229
206	274	905	226
140	276	927	218
176	266	922	218
171	287	925	217
207	272	906	216
237	264	877	220
273	263	849	225
219	265	849	225
184	295	868	216
200	291	885	208
151	288	907	202
238	272	883	211
127	287	915	204
196	278	909	205
170	270	912	208
83	284	931	205
148	285	939	202
149	278	938	205
130	276	941	204
170	262	931	210
177	282	922	212
177	279	923	210
209	270	904	210
187	257	905	214
247	262	874	217
136	261	906	217
205	258	898	219
71	294	943	205
122	275	953	202
150	280	952	207
202	279	924	212
157	273	926	207
179	272	918	210
117	273	939	208
141	269	940	207
167	281	937	206
96	268	963	205
193	272	932	211
59	271	967	203
145	256	959	209
116	280	962	203
138	262	963	202
77	267	981	207
134	263	971	206
108	242	976	215
142	240	961	220
185	233	932	226
27	266	969	211
161	255	944	211
152	270	939	205
166	254	940	207
87	282	963	199
174	270	936	201
90	264	966	198
149	247	956	205
168	250	937	210
181	248	927	214
176	253	920	213
206	252	904	215
139	254	924	213
137	247	936	211
161	246	929	217
203	247	912	215
152	268	927	206
158	269	931	202
102	274	954	192
211	257	918	203
134	266	930	202
113	258	950	202
82	257	966	202
149	249	952	206
161	248	944	209
126	263	957	203
162	245	945	209
96	262	961	204
79	240	980	209
116	242	972	211
143	249	956	214
160	233	942	219
150	254	942	213
190	241	920	211
125	249	934	209
167	250	925	211
82	239	950	207
123	243	954	209
98	255	965	212
100	240	977	215
155	247	957	216
119	242	956	220
108	249	966	217
149	243	959	217
94	250	973	211
135	251	963	211
111	258	967	208
155	246	947	210
75	250	973	204
95	255	976	205
125	254	970	207
145	241	952	210
139	256	948	209
85	250	961	205
114	252	959	202
131	247	955	203
150	245	947	206
172	237	929	209
108	249	947	204
87	248	960	204
89	244	973	206
88	235	978	209
76	238	992	211
137	241	976	212
103	234	980	215
113	230	978	218
73	237	991	214
137	244	972	215
84	254	983	213
110	248	984	208
74	242	998	207
68	236	1001	208
89	237	996	213
108	233	991	214
126	239	971	213
63	234	995	208
79	241	996	209
76	237	999	210
102	244	992	209
34	250	1011	206
61	259	1017	203
37	252	1031	198
43	256	1036	202
72	253	1027	204
108	238	1005	209
51	254	1021	205
124	248	990	206
124	250	974	204
100	239	976	202
84	238	988	203
77	260	996	194
120	256	983	196
78	255	989	196
92	240	993	203
91	249	988	200
100	244	989	201
77	231	1002	206
83	234	995	208
82	243	1004	207
73	246	1009	204
79	236	1010	208
35	240	1030	206
73	234	1025	210
50	237	1038	208
17	247	1050	203
32	248	1048	205
25	235	1052	206
56	232	1040	212
11	240	1056	209
30	245	1055	208
4	247	1062	203
26	246	1058	201
21	234	1062	204
8	233	1067	208
30	242	1061	208
21	246	1065	205
15	243	1065	201
16	245	1066	204
31	243	1058	205
7	252	1065	199
54	239	1049	206
14	241	1063	203
10	247	1070	202
6	255	1072	192
38	244	1060	198
8	236	1070	202
22	243	1066	200
0	251	1072	196
16	253	1074	191
20	232	1074	195
16	249	1074	193
23	238	1069	201
32	247	1059	199
22	220	1066	203
15	242	1068	199
17	241	1069	199
43	240	1054	198
42	242	1048	197
26	235	1054	199
8	250	1073	195
22	247	1065	195
27	253	1062	194
1	260	1070	186
49	258	1061	184
0	262	1075	181
13	268	1078	178
0	265	1080	173
18	263	1077	176
18	246	1080	181
0	269	1087	181
0	260	1088	174
34	257	1071	180
5	258	1076	182
0	271	1083	176
8	270	1078	174
0	272	1085	172
0	264	1079	176
2	264	1080	175
6	259	1087	173
7	245	1086	184
0	268	1082	185
2	247	1087	177
0	280	1087	174
0	257	1088	172
5	267	1085	173
0	272	1086	174
1	268	1082	172
25	238	1079	183
0	251	1083	184
25	258	1072	184
0	255	1081	183
14	253	1077	182
42	265	1066	176
6	259	1075	181
0	267	1080	178
4	243	1085	183
0	258	1087	188
1	253	1088	187
2	234	1087	193
0	245	1088	192
0	252	1088	190
0	240	1087	194
0	262	1078	190
0	251	1084	187
12	266	1081	181
3	270	1084	173
0	277	1088	172
1	262	1088	169
4	277	1086	171
31	272	1075	165
0	277	1088	163
0	285	1088	161
0	267	1086	161
4	284	1079	162
0	260	1078	163
0	285	1079	162
37	271	1070	162
1	273	1075	165
0	280	1073	166
0	291	1088	163
0	274	1088	159
27	281	1076	162
0	280	1081	164
0	280	1087	164
0	290	1088	161
30	277	1074	161
0	284	1079	163
5	293	1081	161
26	287	1079	157
0	290	1084	164
75	279	1053	163
7	290	1058	164
6	281	1070	160
0	293	1075	159
0	279	1086	161
0	297	1079	160
0	282	1088	157
0	281	1081	163
9	287	1074	171
0	279	1085	167
11	281	1074	172
0	287	1079	170
0	287	1088	168
0	295	1088	161
0	286	1088	160
0	286	1084	165
0	292	1088	159
0	294	1088	156
0	291	1088	155
0	290	1088	157
0	300	1086	157
0	289	1088	157
6	296	1084	160
0	295	1088	157
18	283	1081	157
0	308	1081	159
0	294	1086	155
0	292	1081	162
0	299	1082	161
0	298	1088	158
0	304	1088	153
0	296	1088	156
2	295	1085	159
0	292	1079	163
15	306	1069	164
0	293	1085	160
0	317	1087	157
0	302	1088	155
3	293	1088	155
1	309	1088	158
0	294	1088	158
0	297	1088	164
0	301	1088	158
0	317	1088	154
0	294	1088	151
0	310	1082	157
0	309	1088	157
0	300	1088	159
4	314	1080	161
0	311	1085	158
0	305	1088	160
0	318	1088	157
0	317	1088	150
0	330	1088	153
0	319	1088	150
0	314	1088	149
0	306	1088	155
5	311	1075	160
0	323	1074	157
0	303	1077	154
0	317	1087	156
0	306	1088	157
0	325	1085	155
0	309	1084	154
0	310	1088	157
0	319	1088	151
0	322	1088	152
0	315	1088	149
0	323	1088	146
0	325	1087	148
0	320	1088	147
0	312	1088	152
0	322	1086	158
0	319	1088	155
0	305	1087	159
0	321	1088	156
0	318	1088	151
0	327	1088	153
0	334	1088	149
2	317	1084	150
0	322	1088	150
0	304	1088	154
0	322	1088	156
0	320	1088	156
0	325	1088	154
0	325	1088	147
0	323	1088	150
0	333	1088	150
0	315	1088	149
0	321	1088	153
0	331	1088	152
0	336	1088	148
0	326	1081	146
0	335	1088	149
0	322	1083	152
0	320	1088	154
0	332	1088	152
0	324	1088	150
0	326	1088	151
0	318	1088	155
0	313	1088	155
0	338	1088	151
0	317	1088	150
0	319	1086	156
0	328	1088	157
0	319	1088	156
0	329	1088	153
0	325	1088	152
0	332	1088	153
0	324	1088	148
0	326	1088	148
0	327	1088	148
0	319	1088	151
0	325	1088	153
0	329	1088	152
0	330	1088	148
0	321	1088	147
0	329	1086	152
0	318	1084	151
0	327	1086	154
0	316	1087	156
0	327	1088	153
0	316	1088	154
0	330	1088	155
0	314	1088	155
0	332	1080	155
0	327	1088	150
0	318	1088	152
0	328	1088	155
0	326	1088	153
0	327	1088	153
0	317	1088	154
0	335	1087	151
0	329	1082	151
0	337	1088	145
0	334	1088	146
0	328	1088	145
0	320	1088	150
0	322	1084	152
0	322	1088	153
0	323	1085	157
0	329	1087	155
0	319	1088	153
0	333	1088	150
0	322	1088	150
0	333	1087	148
0	317	1088	149
0	338	1087	150
0	321	1085	149
0	338	1081	147
0	333	1078	145
0	335	1086	144
0	335	1088	144
0	327	1088	141
0	336	1088	141
0	333	1088	142
0	335	1088	141
0	325	1087	144
0	327	1088	145
0	337	1087	147
0	335	1086	149
0	335	1086	147
0	334	1088	147
0	329	1085	148
0	322	1088	149
0	319	1088	150
0	330	1087	153
0	325	1087	153
0	325	1088	152
0	314	1088	155
0	328	1088	154
0	325	1088	151
0	329	1084	156
0	304	1082	162
0	315	1085	162
0	299	1087	167
0	313	1088	167
0	309	1086	170
0	319	1088	163
0	315	1088	160
0	312	1081	162
0	334	1088	156
0	317	1088	156
0	319	1079	159
0	325	1084	160
0	320	1086	157
0	325	1088	155
0	327	1088	151
0	313	1088	152
0	326	1088	152
0	311	1088	154
0	309	1087	162
0	301	1079	169
0	303	1083	171
0	317	1080	169
0	321	1086	164
0	325	1088	158
0	327	1088	150
0	325	1068	149
0	329	1073	149
0	319	1086	150
0	329	1081	155
0	330	1082	150
0	323	1088	149
0	309	1087	154
0	325	1088	152
0	326	1086	150
0	336	1084	150
0	329	1088	148
0	322	1088	150
0	315	1071	154
0	331	1076	153
0	319	1079	153
0	317	1088	152
0	329	1085	153
0	332	1088	148
0	316	1088	150
0	302	1083	160
0	306	1082	165
0	326	1087	161
0	329	1088	156
0	316	1088	158
0	315	1088	155
0	328	1088	155
0	319	1088	154
0	313	1088	154
0	324	1088	152
0	312	1088	154
0	335	1088	150
1	307	1088	156
0	328	1088	156
0	319	1084	157
0	303	1084	164
2	317	1086	163
0	321	1085	159
0	320	1084	157
0	320	1088	156
0	317	1088	158
0	322	1088	157
0	322	1088	154
0	310	1088	157
0	308	1088	159
0	314	1088	160
0	322	1088	156
0	325	1088	154
0	328	1082	149
0	318	1082	151
2	324	1088	151
0	329	1088	150
0	307	1085	158
0	318	1088	161
0	322	1087	159
0	318	1087	158
0	320	1088	157
0	315	1088	157
0	324	1088	155
0	320	1082	154
0	320	1086	159
0	314	1088	159
0	333	1088	154
0	320	1088	152
2	325	1088	153
0	317	1087	154
0	329	1088	152
0	329	1088	150
0	337	1073	148
1	329	1077	148
0	327	1088	149
0	323	1080	154
0	316	1086	159
0	335	1088	154
0	328	1088	154
0	327	1071	153
0	332	1078	154
0	316	1077	159
0	324	1075	161
0	316	1069	161
0	316	1077	165
3	335	1088	155
0	323	1088	156
0	328	1088	158
0	337	1079	153
0	334	1079	153
0	329	1075	154
0	328	1081	153
0	321	1082	156
0	337	1086	152
0	337	1086	147
0	340	1071	148
3	342	1072	148
0	323	1082	152
0	308	1086	164
0	325	1088	165
0	314	1088	166
0	330	1088	165
0	329	1075	161
0	320	1083	162
0	316	1086	167
0	342	1088	162
0	338	1088	157
0	340	1088	153
0	334	1088	151
0	328	1084	152
0	329	1087	158
0	338	1088	158
0	340	1088	153
5	342	1088	154
0	344	1088	149
0	353	1087	146
0	344	1088	146
0	338	1088	152
0	332	1088	155
7	344	1084	154
0	349	1087	148
0	344	1088	147
0	330	1088	152
0	337	1088	153
1	348	1085	151
0	343	1088	147
0	326	1082	156
11	347	1076	158
0	347	1080	153
7	349	1085	152
1	343	1088	150
0	339	1078	152
0	348	1084	153
5	337	1088	154
0	349	1088	155
4	329	1088	155
15	344	1088	157
0	331	1083	157
7	342	1088	158
1	324	1088	162
0	332	1087	164
0	333	1086	165
0	344	1088	162
0	353	1088	156
0	342	1088	153
0	342	1088	154
18	348	1080	157
0	347	1088	149
0	330	1087	159
21	351	1082	160
0	349	1088	154
0	336	1088	158
0	325	1088	166
0	332	1079	170
0	334	1085	173
0	327	1088	178
0	325	1088	176
3	335	1088	173
6	325	1088	175
13	337	1088	172
3	317	1088	171
0	333	1088	172
5	339	1088	174
0	326	1088	172
1	323	1088	179
0	334	1088	177
8	343	1088	170
0	344	1088	165
0	340	1088	164
2	349	1088	167
2	338	1088	166
2	339	1088	168
9	331	1088	174
0	338	1088	173
4	336	1088	173
1	345	1088	173
12	337	1088	172
5	346	1088	171
1	343	1088	172
0	333	1088	168
3	347	1088	169
6	341	1088	171
0	350	1088	168
4	346	1088	164
1	345	1088	164
0	351	1088	162
7	343	1088	160
6	339	1088	168
4	343	1088	172
0	346	1087	168
3	347	1088	164
0	347	1088	161
1	353	1088	155
2	361	1088	153
7	368	1088	152
0	348	1088	154
0	337	1088	165
1	352	1088	167
1	325	1088	172
9	337	1088	172
1	337	1088	173
14	339	1088	174
0	340	1088	171
4	344	1088	168
1	334	1088	169
0	346	1088	166
0	353	1088	162
7	347	1088	158
4	340	1088	164
0	360	1088	159
5	354	1088	157
8	355	1088	156
6	350	1088	155
4	356	1088	154
7	356	1088	152
0	360	1088	148
12	350	1084	151
11	357	1082	152
