473	402	418	123
467	420	418	117
470	424	418	114
472	424	417	113
472	426	417	110
474	429	417	109
475	429	418	108
476	430	418	108
477	430	419	108
479	428	419	108
479	429	418	108
481	430	417	107
482	430	417	107
484	428	418	106
481	431	418	105
483	431	418	105
484	432	418	105
485	430	419	104
487	428	417	106
488	429	416	107
490	429	416	108
493	428	416	108
492	428	416	106
494	427	417	107
494	429	416	107
497	430	417	107
498	427	417	109
500	425	417	110
498	427	418	108
500	428	418	108
503	427	418	107
504	429	417	106
506	428	417	106
507	429	417	106
509	427	417	107
510	426	417	106
511	425	416	105
513	424	416	106
514	426	416	105
516	423	416	106
517	425	416	106
519	425	416	106
521	425	416	106
522	426	416	106
525	423	416	107
525	425	415	107
527	425	415	108
531	420	414	109
531	421	414	107
534	420	413	108
535	422	412	107
537	423	414	108
539	422	414	108
540	423	414	108
541	419	413	111
543	416	412	113
544	417	411	113
547	418	411	112
549	415	411	113
551	414	411	113
551	413	410	114
554	417	410	111
557	418	409	110
558	419	409	108
560	418	410	110
563	417	410	111
563	417	411	111
567	419	411	109
568	420	411	110
570	416	411	111
573	417	410	111
575	415	411	111
579	418	410	110
580	418	411	108
582	416	411	108
585	418	410	107
587	416	410	108
590	418	409	108
592	417	409	108
595	416	409	108
596	417	410	108
599	415	410	110
601	417	410	109
604	417	409	107
608	416	408	108
611	416	408	108
613	416	408	107
615	419	407	106
616	417	407	104
620	417	406	104
624	420	405	103
626	419	405	102
628	419	407	101
630	421	406	100
631	422	406	99
633	417	404	100
639	419	403	102
639	422	404	100
640	419	404	99
645	422	405	98
646	422	404	98
647	420	403	98
651	419	403	97
653	422	404	95
654	421	403	96
656	418	403	98
659	420	404	97
660	419	402	97
662	420	401	96
665	422	402	95
666	419	400	95
669	421	401	93
671	418	400	94
673	422	401	93
675	418	399	94
677	421	399	94
678	419	399	94
681	417	399	95
683	420	400	94
683	418	399	94
686	417	397	94
689	419	399	94
689	418	398	94
692	417	398	94
692	416	398	94
693	418	399	94
694	417	398	94
697	418	396	94
698	418	396	95
701	418	397	96
702	418	397	95
704	420	396	94
708	417	396	94
710	416	396	96
711	415	395	97
713	416	395	97
715	416	396	96
716	414	396	96
718	418	396	95
719	417	396	95
722	414	396	96
724	416	395	97
727	412	394	99
728	414	395	99
730	414	393	100
732	413	393	100
734	413	393	98
737	415	393	98
738	414	392	99
740	415	392	98
741	415	392	97
743	414	392	96
746	418	392	94
746	416	392	95
749	420	394	94
749	418	394	95
751	419	393	94
753	420	393	94
755	419	392	93
757	419	392	93
760	422	392	92
761	421	390	92
763	422	390	93
765	419	390	95
768	423	391	94
768	421	390	94
772	424	391	93
772	423	390	92
775	425	391	92
776	424	389	92
777	428	389	90
779	428	388	90
781	428	388	89
784	429	388	89
786	429	388	89
787	428	388	88
790	432	388	88
791	432	387	87
794	430	387	87
795	428	388	89
796	432	389	90
797	431	389	89
799	430	391	89
799	430	393	90
800	430	394	91
801	431	393	91
804	430	393	91
805	430	394	91
805	432	394	89
806	433	393	89
809	434	392	89
811	433	391	89
811	433	391	89
812	433	390	90
814	434	390	89
816	434	390	88
817	434	390	88
818	434	389	87
821	436	388	87
823	435	387	87
824	435	387	88
825	436	388	88
827	435	388	88
827	437	388	88
831	436	386	87
831	437	386	88
833	437	386	88
834	436	386	89
836	434	385	89
837	437	387	90
837	435	387	90
839	435	386	88
840	436	387	89
841	437	386	89
843	435	385	90
846	437	384	90
847	436	384	90
848	435	384	91
849	434	385	91
850	436	386	90
850	437	385	90
854	438	385	89
855	439	383	89
857	437	382	91
861	438	382	90
861	439	382	89
862	438	382	90
864	438	384	89
865	437	383	88
867	438	385	88
867	438	385	88
870	440	387	88
871	441	385	87
874	438	384	87
876	441	386	87
876	441	385	86
877	442	385	85
878	442	385	85
881	443	386	85
883	442	385	86
885	444	385	87
886	443	383	86
888	444	382	86
890	444	382	86
891	443	381	88
894	446	383	88
894	446	382	88
896	446	380	88
897	447	382	89
899	445	381	88
902	448	385	88
902	446	383	89
905	449	386	89
905	447	384	89
909	450	385	90
906	449	382	89
907	448	383	90
910	449	385	90
911	451	385	90
913	451	384	91
913	450	384	91
916	450	384	91
917	453	384	91
917	454	382	89
919	454	381	89
922	453	381	90
923	454	380	89
925	456	381	89
925	455	380	88
926	455	379	88
927	456	379	88
928	456	378	88
928	457	378	89
930	455	377	90
931	456	377	90
932	455	377	91
932	456	378	90
933	456	377	90
932	457	376	90
933	456	376	91
934	456	375	91
934	454	376	91
934	456	377	90
935	454	377	90
934	454	377	91
934	454	377	91
935	454	377	91
934	455	376	90
934	452	375	90
934	454	376	89
935	451	376	89
931	451	377	89
932	450	377	89
932	450	378	89
929	450	379	89
931	448	378	91
928	445	377	93
929	445	378	93
925	445	378	93
925	445	378	93
925	444	378	92
922	444	378	91
921	441	378	92
919	442	379	89
918	442	379	90
919	439	379	91
917	439	379	92
917	436	379	91
915	437	380	92
913	436	378	91
912	433	378	92
910	432	380	91
909	431	381	90
908	431	382	89
907	431	380	89
905	428	377	90
904	429	380	89
901	427	378	90
899	427	378	90
897	424	379	91
896	421	378	91
894	423	379	91
893	420	379	91
891	420	379	92
888	414	379	94
886	417	380	92
886	417	380	91
883	412	378	94
882	415	380	92
879	412	379	91
880	410	379	92
878	413	380	91
876	407	380	90
874	409	381	90
871	407	380	92
870	405	379	93
869	404	379	93
868	401	378	94
869	404	380	92
866	403	378	91
865	402	378	91
864	400	377	91
864	399	376	91
863	396	375	93
862	394	374	92
863	396	377	91
859	394	374	91
858	393	374	91
857	392	374	91
855	391	374	91
854	389	374	92
854	388	374	92
853	388	374	92
853	387	373	91
852	385	373	92
853	385	374	92
850	383	373	92
851	383	376	91
850	382	376	93
849	381	375	93
849	381	376	91
848	379	376	92
847	383	376	89
849	380	375	90
848	380	374	90
848	378	374	90
848	381	377	88
846	378	375	88
847	377	375	89
847	377	376	89
847	376	376	90
848	375	375	91
849	374	374	91
850	378	375	89
850	376	374	89
850	376	375	90
850	375	375	90
852	375	376	91
851	373	376	92
852	373	377	91
854	375	380	89
852	371	380	91
854	376	380	89
852	373	380	90
858	372	381	89
854	371	382	89
855	376	381	89
856	376	381	89
857	375	380	90
859	378	380	89
859	372	378	92
861	375	380	91
862	377	381	91
863	378	380	91
864	375	378	94
867	375	380	93
868	378	381	90
866	378	379	91
868	377	379	92
872	378	379	93
873	378	378	93
872	377	376	95
876	378	377	96
875	377	376	97
876	377	376	97
879	377	377	96
882	378	377	97
880	376	376	97
882	379	379	96
883	381	377	96
883	380	376	95
885	381	376	95
886	382	375	95
887	381	374	97
888	380	373	98
890	380	372	98
891	382	373	96
893	379	373	96
895	381	374	97
895	377	373	99
898	381	374	98
897	377	373	101
900	377	372	100
900	377	371	99
902	379	373	99
901	375	373	100
903	377	375	98
902	377	374	97
903	375	373	97
905	378	376	94
906	375	373	97
907	377	375	96
907	376	373	97
908	373	372	98
908	377	373	98
910	373	374	97
911	372	373	97
910	371	371	98
911	373	372	97
912	371	372	97
911	369	372	97
912	366	373	96
913	366	377	95
913	366	378	94
913	366	379	94
914	366	379	94
914	365	376	96
914	363	374	96
916	364	376	95
916	361	373	96
917	359	374	96
919	359	376	96
918	357	376	98
919	356	377	98
917	354	374	98
919	358	377	96
919	352	374	97
922	357	378	96
919	351	375	97
922	353	377	95
920	348	372	97
924	352	376	97
922	347	373	98
925	352	377	97
925	345	376	100
923	344	375	101
924	343	376	100
924	344	376	101
923	341	374	100
927	341	375	101
923	339	375	99
928	344	378	99
925	336	376	100
928	342	377	97
926	336	374	99
931	342	379	98
928	335	376	97
929	341	380	96
927	334	377	98
930	339	378	95
928	332	376	97
930	337	377	96
928	332	375	97
934	339	377	96
931	333	377	96
933	334	380	94
930	334	381	93
933	335	382	93
931	338	379	93
936	331	378	96
933	332	380	93
935	332	382	93
933	333	383	92
935	332	381	93
934	332	382	93
938	331	382	92
935	332	382	90
936	333	382	90
939	332	380	92
938	331	379	92
941	329	377	96
943	330	377	95
940	329	375	95
946	325	374	96
945	328	377	94
942	327	376	93
948	327	375	94
946	327	373	95
949	328	373	94
948	325	373	94
948	329	375	93
948	325	373	93
951	326	374	93
951	326	372	94
952	325	372	94
951	324	371	94
954	325	371	94
954	324	371	95
956	321	370	98
956	320	369	99
957	321	369	98
957	321	369	98
956	320	369	97
958	321	373	95
956	321	372	95
960	320	370	97
961	320	370	98
960	319	368	97
965	320	368	96
964	320	367	95
965	319	367	95
965	321	370	95
964	319	369	96
968	319	369	97
967	316	368	98
971	321	369	98
970	316	369	99
968	318	367	99
974	315	368	100
972	314	366	100
975	317	367	100
974	315	368	99
974	314	367	98
978	317	366	97
977	317	364	96
979	317	364	95
982	315	364	96
983	316	367	97
981	314	368	96
984	316	370	95
982	312	367	96
987	317	370	93
985	312	367	95
989	318	370	92
989	314	368	94
988	312	367	95
991	314	369	94
990	311	368	94
992	315	372	94
992	311	369	95
996	313	370	95
994	310	368	97
998	313	369	96
996	311	366	97
999	310	365	98
1000	311	365	98
1000	308	364	97
1003	311	368	94
1002	310	366	95
1003	311	365	95
1003	307	365	96
1007	311	367	94
1005	310	364	94
1008	310	366	94
1008	308	365	93
1010	312	367	92
1008	309	364	93
1011	308	365	94
1010	309	365	93
1013	307	366	95
1012	305	365	94
1014	307	367	93
1013	306	365	94
1015	303	365	95
1015	306	366	95
1015	303	364	94
1017	304	365	94
1017	304	364	95
1017	304	365	95
1018	303	365	96
1018	302	366	95
1017	303	367	95
1019	304	366	95
1018	299	363	95
1021	304	363	94
1022	301	362	94
1024	301	364	94
1024	300	364	94
1025	303	365	94
1024	301	363	94
1026	300	364	94
1026	302	365	94
1025	298	364	95
1028	299	365	95
1028	299	364	95
1030	300	363	97
1028	297	361	96
1034	298	362	96
1034	300	361	96
1031	296	360	97
1036	297	361	96
1035	296	362	96
1036	300	363	96
1035	295	364	94
1036	299	365	94
1036	295	362	94
1040	297	364	94
1039	298	362	93
1040	293	361	94
1043	296	362	94
1042	296	362	94
1043	295	362	95
1046	294	362	94
1048	295	363	93
1046	294	361	94
1047	295	362	93
1049	294	362	94
1050	295	364	95
1050	293	362	96
1052	292	362	96
1053	295	363	95
1054	291	360	96
1054	293	358	96
1058	292	358	96
1058	292	359	95
1060	290	359	96
1060	291	359	95
1061	291	360	95
1063	291	360	94
1063	292	361	94
1065	291	360	94
1065	290	362	94
1065	289	361	96
1067	290	360	97
1069	289	360	98
1069	289	360	98
1071	289	360	98
1071	289	360	98
1072	287	358	97
1073	289	358	97
1074	288	357	97
1074	287	357	97
1076	288	358	97
1077	286	358	97
1078	287	358	96
1078	288	359	96
1080	285	358	97
1081	287	359	97
1082	284	358	97
1083	288	360	96
1081	285	361	97
1085	283	359	97
1085	289	360	94
1084	285	361	96
1087	284	362	97
1086	284	363	96
1088	287	364	95
1087	284	363	95
1089	290	364	93
1088	282	363	96
1091	287	365	95
1090	282	364	95
1090	287	364	95
1092	284	363	96
1093	285	366	95
1093	283	366	95
1094	279	366	97
1091	282	364	97
1097	282	367	97
1095	282	368	96
1095	282	367	96
1095	285	368	95
1098	286	368	96
1097	282	368	97
1098	286	369	94
1099	286	369	94
1099	285	368	94
1101	286	368	93
1102	285	368	94
1102	284	369	94
1102	286	369	93
1104	284	369	94
1104	285	368	95
1105	285	367	95
1106	286	367	95
1107	287	366	95
1108	288	366	95
1109	284	365	95
1110	286	365	96
1111	285	365	96
1111	284	367	96
1113	283	366	97
1112	283	366	98
1116	283	366	98
1116	283	365	98
1118	285	364	98
1119	286	364	98
1120	288	365	98
1120	286	367	98
1120	286	368	98
1120	287	366	99
1123	286	367	99
1122	288	366	98
1124	289	367	97
1124	291	366	98
1125	291	366	97
1126	291	367	96
1127	291	367	96
1126	291	366	98
1128	290	366	98
1129	290	364	100
1130	291	363	100
1130	293	362	100
1132	293	362	99
1130	294	363	100
1130	296	363	99
1131	297	364	97
1129	296	365	98
1132	298	363	99
1128	298	361	100
1134	301	362	100
1130	299	362	101
1131	304	361	99
1130	301	363	100
1129	304	361	100
1130	304	360	99
1126	307	359	98
1130	310	360	97
1125	311	358	96
1128	312	359	97
1126	314	358	96
1126	315	357	97
1124	320	357	97
1124	321	358	98
1120	324	359	96
1120	324	361	96
1117	327	360	96
1118	325	361	97
1115	330	360	98
1115	330	362	98
1110	332	361	97
1112	336	360	97
1108	339	359	97
1108	340	360	98
1104	344	358	97
1106	345	360	98
1100	347	359	97
1101	349	359	96
1097	354	359	94
1097	356	359	94
1094	361	359	93
1092	360	361	93
1090	363	361	93
1088	366	360	94
1087	368	361	93
1085	367	361	94
1081	370	362	92
1079	374	361	91
1077	376	362	91
1074	374	361	94
1072	380	362	93
1068	380	360	94
1069	384	361	95
1067	383	362	96
1062	386	360	96
1060	390	359	95
1060	391	362	95
1056	390	362	95
1053	394	360	94
1052	395	361	94
1048	396	360	96
1047	397	361	95
1045	400	360	94
1045	400	360	94
1042	400	360	94
1040	403	359	94
1039	403	360	93
1037	403	359	95
1035	405	358	95
1035	406	360	95
1034	405	362	95
1031	408	360	95
1031	408	361	95
1029	405	361	96
1027	406	360	96
1026	406	360	97
1026	406	361	96
1023	405	362	97
1023	404	362	98
1020	403	362	98
1020	403	361	98
1017	402	361	96
1016	402	361	96
1015	403	362	94
1015	400	362	96
1012	399	361	95
1011	398	362	94
1011	398	362	95
1010	397	362	94
1008	397	361	93
1008	394	362	93
1007	393	361	92
1007	392	361	92
1006	392	360	91
1006	391	360	91
1006	389	361	92
1006	385	361	92
1003	386	361	91
1004	384	361	91
1003	382	362	92
1003	380	363	93
1000	378	361	92
1000	375	363	92
1000	373	362	91
999	372	363	90
998	369	363	90
997	370	362	90
999	368	363	91
998	365	362	92
998	361	362	91
995	361	361	91
997	359	363	91
996	355	362	92
994	355	361	92
996	352	363	91
993	350	362	91
993	349	361	90
994	346	362	90
994	343	362	91
992	344	361	90
994	340	362	91
992	339	362	90
993	335	363	91
992	335	363	90
991	334	362	90
991	331	362	92
990	330	362	91
990	328	362	92
989	327	361	91
989	326	361	91
989	326	361	90
990	322	364	90
989	320	364	90
988	319	364	92
987	316	363	92
984	317	361	92
986	316	361	92
985	313	360	92
985	314	361	91
983	312	360	92
982	310	359	92
982	307	360	92
979	307	360	93
978	306	361	92
976	305	361	92
974	306	362	91
972	302	363	92
970	302	362	93
968	300	360	93
966	300	360	93
965	300	361	93
961	298	360	93
957	300	360	93
955	297	360	92
952	298	360	91
949	296	359	91
946	293	359	91
939	296	359	89
939	296	361	90
934	295	359	89
931	294	359	91
929	293	358	90
923	293	357	91
922	293	358	91
917	292	356	90
914	290	357	90
908	294	357	88
904	292	356	89
898	291	355	87
894	293	356	86
889	292	356	87
882	291	355	88
878	291	355	89
873	290	355	87
866	293	355	87
861	291	354	88
857	290	355	87
848	292	355	86
846	292	356	87
837	293	355	86
833	291	355	87
825	294	355	85
822	291	354	85
814	295	354	85
808	294	354	85
801	295	355	84
794	292	354	85
788	296	354	85
783	293	354	86
775	295	354	86
771	294	353	86
762	295	354	85
757	296	356	84
750	296	356	84
745	297	356	83
736	297	357	83
733	296	358	84
725	298	358	84
721	298	358	84
715	297	357	85
710	300	356	85
706	298	354	85
701	301	356	84
694	301	355	86
691	301	355	85
685	300	355	86
678	300	354	86
677	302	356	86
670	301	356	87
666	301	355	87
661	301	355	86
657	304	356	86
653	300	357	88
646	304	356	87
647	305	358	87
641	301	357	88
636	303	356	88
636	305	356	87
633	298	357	89
628	303	357	87
625	302	356	88
621	304	357	87
621	304	357	87
617	303	357	87
615	303	357	86
613	305	358	86
611	306	357	87
607	305	358	87
607	307	357	85
605	304	358	87
600	304	357	86
602	307	356	84
602	303	358	85
597	303	357	85
598	305	357	85
596	305	358	83
596	306	358	83
595	302	359	85
591	303	358	84
593	306	357	84
592	304	358	85
590	303	359	85
588	304	358	84
589	305	358	84
589	301	359	85
586	302	358	85
588	303	358	84
588	302	359	84
586	298	360	84
583	301	359	82
585	302	358	82
586	300	359	83
584	299	359	84
584	301	359	83
585	298	360	83
584	299	359	82
584	299	359	82
584	298	359	82
584	297	358	82
584	298	358	82
584	296	358	83
585	297	357	83
585	294	358	85
585	293	358	85
584	292	357	86
585	293	356	85
585	289	357	85
585	292	356	84
585	292	356	85
587	292	356	86
587	288	356	87
585	291	356	85
587	290	356	86
587	290	355	85
587	288	355	85
587	289	355	84
588	290	354	84
589	289	355	84
587	289	354	84
588	288	353	83
589	288	353	83
589	287	352	83
589	288	352	82
588	286	352	81
590	288	353	81
590	285	353	81
589	288	354	81
589	287	354	81
589	286	354	81
589	286	354	81
589	286	354	81
588	287	354	81
590	288	354	82
589	285	354	82
588	288	353	82
588	289	352	81
588	288	351	80
589	289	351	79
589	289	351	79
589	291	351	79
589	288	352	80
589	288	352	80
588	289	352	81
588	289	353	81
588	290	353	81
587	289	353	81
588	290	351	80
587	289	352	80
586	292	351	79
587	290	352	80
586	291	352	78
585	292	352	78
585	293	351	77
584	294	351	77
584	295	351	77
584	293	351	79
584	295	351	79
583	295	352	79
582	295	352	79
582	296	352	80
582	294	353	82
580	295	352	81
579	299	352	80
580	296	353	81
579	296	353	80
577	299	352	79
578	300	352	79
577	298	351	81
577	299	351	81
577	300	352	80
575	299	352	80
575	299	352	80
572	302	352	79
573	302	352	78
572	301	353	77
569	304	351	77
570	304	352	78
570	303	352	77
570	303	352	78
568	302	352	78
567	306	353	78
567	304	354	78
564	304	353	79
565	304	353	79
564	304	353	78
564	304	352	78
562	306	352	77
563	305	352	78
561	304	351	79
561	307	351	79
560	302	351	80
559	303	350	80
561	304	351	79
558	305	352	78
557	305	352	78
557	305	352	77
557	306	352	78
555	302	352	79
554	303	350	80
554	305	351	79
554	305	351	79
554	303	351	79
554	305	351	78
552	300	351	79
550	302	351	80
552	302	351	80
551	300	351	80
551	302	350	80
551	302	350	80
550	299	350	81
550	300	349	82
551	298	350	82
549	299	350	82
549	300	351	82
548	298	351	81
549	298	351	81
549	297	351	80
548	298	351	80
548	299	352	80
549	300	351	80
549	295	351	83
548	299	351	82
549	296	351	81
548	296	350	80
549	297	350	80
547	299	350	80
547	297	350	79
549	298	351	79
547	299	350	78
549	301	350	77
549	297	350	78
548	300	350	77
549	302	349	76
550	300	350	77
548	303	350	76
550	302	350	77
550	300	350	79
549	303	350	78
549	300	350	78
550	302	350	77
550	301	350	77
550	303	350	76
551	306	351	75
551	303	351	78
550	304	351	77
551	304	351	75
551	307	352	76
551	304	352	78
549	305	351	78
553	306	350	78
552	305	349	78
553	307	349	77
552	306	348	78
554	306	349	77
552	305	350	77
554	308	349	79
554	307	349	78
553	309	348	79
556	309	347	79
554	309	348	77
555	311	348	78
556	309	347	79
558	310	347	80
556	310	347	79
557	312	347	79
555	311	347	79
557	312	348	79
556	312	348	78
557	313	349	79
558	311	349	79
556	311	349	80
558	313	350	81
558	309	350	81
558	312	349	80
559	312	350	81
560	312	351	81
558	312	350	81
560	312	351	81
560	313	351	81
560	313	351	80
560	313	350	81
561	315	351	81
562	314	350	81
562	313	351	82
563	312	351	83
563	313	352	82
563	314	352	82
564	313	352	82
564	315	352	83
565	313	352	81
565	314	352	82
566	314	352	83
569	311	352	83
567	312	351	84
570	313	352	86
568	312	352	83
569	312	353	84
571	311	353	82
567	312	352	82
570	314	353	81
570	313	352	79
572	315	352	79
574	313	350	79
573	314	350	80
575	313	350	80
575	312	350	80
575	312	351	81
575	312	350	80
576	313	350	80
576	313	350	79
578	313	350	79
578	313	349	79
579	312	348	80
580	311	348	80
581	309	349	81
579	309	349	82
582	309	350	83
581	308	351	84
582	310	351	84
582	308	351	83
582	307	350	85
584	308	351	84
584	307	351	85
585	309	351	84
586	308	352	83
585	308	351	83
586	310	351	82
587	311	351	82
587	309	352	83
589	308	353	84
589	309	351	84
591	310	352	84
590	309	352	83
592	311	353	83
591	310	351	83
592	313	352	82
593	313	352	82
595	314	352	81
596	314	351	81
595	315	352	80
598	316	352	79
598	315	353	79
597	316	353	79
599	315	352	79
600	316	351	80
602	316	351	80
603	317	351	81
606	318	351	82
604	317	350	82
609	320	352	82
607	319	351	82
609	319	350	83
611	320	349	84
612	320	348	85
613	320	348	86
615	323	349	85
614	324	349	84
618	327	350	83
618	325	350	84
620	324	351	84
620	322	350	85
622	326	351	85
623	324	350	86
625	322	349	88
625	326	348	88
629	327	348	88
630	325	349	90
632	325	349	90
631	327	349	89
634	330	350	88
635	330	349	89
636	329	349	89
637	334	348	88
641	335	349	86
642	336	349	87
644	337	349	88
646	337	350	88
647	338	350	88
649	340	350	87
650	340	350	87
653	341	351	86
655	341	351	86
656	343	351	86
658	343	351	87
658	344	349	85
664	349	350	83
667	344	350	85
669	349	349	83
671	345	349	85
672	352	348	83
675	351	348	83
677	353	350	83
679	351	351	84
681	354	351	83
683	354	351	84
685	354	351	85
687	356	350	84
691	355	351	84
690	357	350	84
693	358	350	84
687	354	354	84
684	350	360	84
676	344	369	85
669	343	378	85
665	339	388	86
657	335	398	87
651	334	407	89
648	328	416	92
644	323	425	95
638	317	433	98
636	315	443	100
631	313	451	102
629	310	458	104
625	308	465	107
623	306	473	109
619	300	478	112
619	297	487	112
614	295	494	112
614	294	501	114
612	294	507	115
609	291	514	118
607	288	521	121
605	287	529	123
602	282	536	125
598	278	544	127
596	278	554	128
593	273	561	130
590	273	569	130
589	263	577	133
583	265	583	133
585	268	589	135
587	271	591	135
591	271	590	135
595	273	592	135
597	273	591	136
601	275	590	136
604	273	589	138
609	273	587	138
610	275	588	137
614	272	588	137
615	275	588	138
620	274	590	138
622	277	591	139
624	275	588	138
629	275	590	140
633	274	591	140
633	275	590	141
637	277	589	142
641	278	590	139
643	279	589	138
646	282	590	139
649	275	588	138
653	279	587	140
656	277	586	141
657	274	585	140
660	279	586	139
663	277	584	138
664	278	587	137
667	281	588	137
671	274	587	140
673	276	588	140
672	278	587	140
677	273	585	142
678	275	588	139
678	276	588	138
680	274	588	137
685	277	589	137
684	271	586	139
690	273	586	138
689	273	586	141
691	272	585	140
695	273	585	140
696	272	585	140
698	267	585	141
701	268	585	141
704	266	586	140
706	267	584	140
708	268	584	140
712	265	583	141
715	265	584	141
716	264	584	142
719	259	583	146
721	261	582	144
722	258	581	145
727	261	581	142
728	251	580	145
732	253	581	144
732	253	583	144
734	252	582	145
737	254	581	145
741	254	579	145
743	254	577	143
748	251	576	143
750	254	576	141
750	249	574	142
755	252	576	141
754	247	575	141
757	247	576	142
760	247	576	144
762	251	573	143
766	244	573	142
767	245	574	143
767	243	573	143
772	242	575	143
771	242	575	141
774	241	575	143
778	237	574	144
778	237	573	144
783	237	571	143
783	236	570	144
787	238	569	144
784	237	570	144
789	237	569	142
789	236	569	142
791	236	568	143
793	239	568	141
795	239	569	140
797	241	569	140
798	239	569	140
800	240	569	142
800	242	567	141
803	242	567	143
806	242	564	146
807	245	563	146
808	236	562	147
809	240	564	146
810	244	564	145
811	243	562	144
814	243	562	145
813	244	562	147
816	245	561	146
815	241	560	145
817	244	561	145
817	244	561	143
818	246	560	143
818	246	559	143
821	248	557	145
820	243	556	147
821	245	555	144
822	245	556	145
823	243	555	146
823	247	555	144
823	248	554	145
823	250	554	144
823	251	553	143
823	251	552	145
823	252	552	144
822	250	552	146
822	251	552	145
821	250	553	145
821	254	552	144
822	255	551	145
824	254	550	147
825	256	549	147
825	254	548	148
824	258	547	148
824	255	547	147
824	261	546	146
823	260	545	146
825	261	544	146
825	259	543	147
825	263	544	148
824	262	543	148
824	261	542	150
825	261	541	152
824	261	540	152
824	265	540	151
824	268	539	150
823	267	537	149
823	270	537	147
824	268	536	148
822	268	537	147
821	267	537	146
821	273	538	145
821	273	537	145
821	273	537	145
820	272	536	146
820	272	536	147
820	275	535	146
820	276	536	145
819	277	535	144
819	278	534	144
819	279	533	142
818	278	532	143
817	281	531	142
817	282	531	141
817	282	530	141
818	281	531	140
817	283	530	141
817	285	529	140
817	284	529	139
816	287	530	137
816	288	529	136
817	288	528	136
817	290	528	136
817	289	528	135
817	289	528	133
817	294	527	130
815	296	528	129
817	294	530	130
815	295	529	129
815	297	528	128
816	296	529	129
815	300	527	126
816	298	528	126
816	301	527	125
817	300	527	127
816	300	526	127
817	298	526	128
817	300	526	126
816	302	524	125
818	300	523	128
818	300	522	130
819	297	522	132
821	299	521	132
820	301	521	131
821	300	522	131
820	301	520	130
821	300	519	130
822	300	518	131
821	300	517	132
822	301	517	134
821	297	520	135
821	300	519	136
821	301	519	135
821	302	519	134
823	303	518	133
822	303	519	134
824	308	518	134
822	300	518	137
823	300	517	137
821	300	517	137
823	300	518	137
822	303	517	136
823	303	519	134
824	304	519	135
823	300	519	136
825	305	516	135
825	297	517	138
826	304	516	138
827	297	517	139
826	297	515	136
828	300	515	135
829	295	514	136
829	296	514	136
831	299	513	136
830	293	513	138
836	300	511	137
835	296	510	139
834	291	510	141
837	292	508	138
836	295	508	134
837	291	509	135
838	296	508	133
839	293	508	134
838	290	508	137
839	296	507	136
842	292	507	138
840	291	505	136
841	286	506	138
842	289	506	138
842	287	505	138
845	292	505	138
844	288	505	138
844	288	503	139
847	285	502	140
848	290	501	139
850	290	501	137
851	289	500	135
851	287	500	134
853	292	499	134
855	288	499	134
855	287	498	134
856	287	496	134
858	283	497	134
856	287	497	132
860	291	498	132
860	281	497	133
858	290	497	130
861	284	498	132
859	292	496	128
864	286	497	129
863	292	497	128
867	285	499	128
867	293	497	127
870	285	498	129
869	293	497	126
872	288	500	128
872	292	498	129
875	283	498	131
874	288	498	129
878	295	497	128
880	286	497	130
881	296	496	127
885	291	497	127
887	291	495	128
889	294	494	128
891	289	494	129
893	295	493	126
897	295	494	128
898	290	493	130
900	298	491	127
905	291	493	128
905	298	492	126
909	294	492	127
912	294	489	130
915	295	487	131
919	294	488	133
921	292	487	135
923	292	485	135
927	293	485	135
929	294	484	133
933	296	484	131
936	293	483	131
938	297	483	129
942	297	483	129
946	299	481	129
950	294	481	131
951	300	479	129
955	296	481	131
957	301	478	130
961	301	479	131
963	296	477	135
964	303	476	132
968	296	477	134
971	300	476	131
973	296	476	133
978	299	476	133
979	296	474	135
981	302	474	133
983	295	474	135
986	301	474	133
988	296	474	135
991	299	474	133
993	300	473	135
995	293	474	135
1000	299	474	133
1000	292	472	136
1005	297	473	134
1004	295	471	132
1007	298	471	131
1010	296	469	132
1012	300	468	131
1013	295	468	131
1015	303	468	129
1018	295	469	132
1017	297	466	133
1019	292	467	133
1020	295	467	133
1019	294	465	134
1021	291	466	135
1022	294	466	133
1024	291	465	134
1023	291	464	133
1025	296	465	132
1025	290	464	134
1025	293	463	132
1026	293	463	131
1029	289	463	132
1030	293	464	132
1027	291	463	132
1029	288	463	133
1029	286	463	135
1030	286	463	137
1029	285	463	139
1028	286	463	138
1029	288	463	137
1029	290	463	137
1028	290	462	139
1026	292	461	138
1027	287	463	140
1029	287	462	141
1029	285	462	140
1027	294	462	137
1027	284	463	141
1026	289	464	141
1026	288	462	144
1026	286	461	145
1024	290	460	143
1024	290	460	144
1024	289	459	147
1023	289	458	149
1022	289	457	150
1021	289	457	151
1022	286	456	150
1019	294	458	145
1020	288	457	148
1018	295	457	143
1020	291	457	144
1020	297	457	141
1019	286	455	145
1015	293	456	143
1016	295	457	142
1016	301	457	138
1015	292	455	142
1015	296	455	140
1014	302	457	138
1012	297	456	139
1011	299	457	138
1008	302	458	136
1010	304	459	136
1008	304	458	136
1009	302	459	137
1007	302	460	137
1004	298	459	139
1002	305	459	137
1001	300	460	141
1001	303	459	138
999	306	459	135
998	310	459	134
998	311	459	134
995	311	458	135
994	314	459	134
993	314	459	134
992	316	458	134
992	314	456	135
989	321	457	132
989	318	456	133
988	323	456	132
986	319	456	132
988	323	454	132
984	326	453	132
984	323	452	132
982	326	454	132
983	327	450	130
981	328	450	130
980	329	449	131
980	331	449	132
978	330	449	131
978	333	448	131
976	334	448	130
976	332	447	131
976	331	446	132
975	335	445	133
976	333	443	135
971	336	444	135
973	335	442	136
972	339	441	135
969	341	441	134
967	342	442	134
966	342	443	134
966	343	443	133
964	345	443	133
961	346	442	132
961	347	440	131
960	350	440	130
959	346	441	131
960	348	438	132
959	350	437	132
959	349	438	132
958	350	437	132
957	352	437	132
956	352	436	132
955	354	435	131
953	351	436	133
953	354	435	133
950	351	435	135
949	354	435	135
947	355	436	135
944	356	437	135
944	357	435	134
943	360	435	134
942	357	436	135
941	359	436	135
940	360	436	135
939	360	434	135
937	363	434	134
937	363	433	135
937	362	433	133
934	365	435	133
934	364	434	133
932	365	433	134
931	368	432	134
933	369	431	132
933	367	428	133
931	366	429	133
931	369	426	131
929	368	428	133
927	370	429	132
927	369	429	132
925	371	430	133
926	371	430	131
925	370	429	132
923	372	429	133
925	371	429	133
924	365	427	135
925	367	427	133
926	366	425	132
926	371	423	130
926	372	423	129
925	370	424	129
925	369	423	128
923	372	422	127
925	373	422	126
924	372	421	126
923	375	419	124
921	374	419	125
922	371	419	126
921	372	417	125
922	372	417	123
921	375	416	122
921	374	417	122
920	372	416	122
920	372	416	121
918	378	416	119
919	374	417	120
919	373	416	121
918	375	413	120
919	376	414	120
918	376	414	119
919	375	415	120
919	375	414	121
919	374	413	122
919	374	411	122
918	371	411	122
916	377	411	118
918	375	412	119
917	372	411	120
916	379	410	119
918	379	411	118
917	382	411	117
916	379	413	115
915	378	413	116
917	378	412	117
916	381	411	116
916	383	412	115
915	381	412	115
915	381	411	114
915	383	412	114
915	382	411	114
915	383	411	113
915	382	411	114
915	385	410	114
912	383	410	113
914	383	410	113
914	384	409	112
913	384	410	111
915	386	409	111
913	387	409	110
913	386	409	111
912	387	408	112
913	385	407	114
913	388	406	113
913	389	405	114
912	390	404	113
913	388	404	113
910	386	404	112
911	386	405	112
910	390	404	111
909	390	404	112
908	391	403	113
908	390	402	114
907	391	403	114
906	390	403	115
904	388	403	116
904	390	401	115
903	390	402	116
902	388	402	117
901	389	401	116
899	391	401	115
898	391	401	114
896	393	400	113
896	392	400	115
895	392	399	115
893	391	400	115
892	392	399	115
892	393	399	115
890	392	399	115
888	391	400	115
888	391	399	116
886	392	398	115
885	391	397	115
885	392	396	114
883	393	396	115
883	391	396	116
881	392	395	116
879	392	395	115
878	390	394	115
879	389	394	114
877	389	393	114
877	389	394	115
874	389	394	113
874	390	394	114
871	390	395	114
870	391	394	114
870	392	394	114
870	391	393	114
870	391	393	113
868	392	392	112
868	393	393	111
867	393	392	110
867	392	392	110
866	393	391	109
866	395	391	110
866	393	391	110
864	392	391	111
864	392	391	110
864	393	391	110
863	391	391	110
863	394	390	112
865	392	390	114
864	391	389	113
864	390	389	113
863	391	388	114
863	392	388	114
864	393	388	115
863	394	388	116
862	395	388	117
862	394	387	117
862	393	387	115
863	392	387	115
862	392	385	115
864	393	384	115
863	394	383	115
864	393	384	116
862	392	383	115
862	396	383	112
865	396	384	111
865	399	383	109
865	400	383	109
866	401	383	110
866	402	383	111
866	402	382	111
867	404	382	112
868	405	381	111
868	404	381	110
868	408	380	109
871	408	380	108
869	412	380	108
872	414	380	108
872	414	380	107
871	414	379	107
871	412	379	108
871	415	378	108
874	415	378	108
873	418	376	108
875	419	377	109
875	418	377	109
875	420	376	110
876	419	376	110
875	420	376	110
875	422	376	111
876	423	376	111
876	424	376	111
877	426	375	111
878	427	375	112
878	428	374	112
879	424	375	114
879	429	373	112
880	431	373	110
880	433	372	110
881	433	372	110
881	437	371	111
886	435	373	111
884	435	372	113
883	435	371	114
886	436	371	113
886	436	370	113
887	439	369	113
886	434	370	114
887	437	369	113
888	437	369	113
888	440	368	114
890	441	368	114
890	441	368	115
891	441	368	114
892	443	368	113
892	445	368	113
893	441	368	112
893	445	366	110
896	447	366	109
895	447	366	110
896	449	366	110
897	447	367	110
896	448	367	109
897	447	367	110
897	448	367	108
897	448	366	110
897	447	366	111
898	448	365	111
898	449	364	111
899	447	363	111
900	451	362	111
900	451	361	110
900	451	361	110
901	451	361	111
901	450	361	112
901	448	361	112
901	450	360	112
900	444	361	115
900	450	361	115
901	447	362	116
901	453	360	115
902	451	360	115
902	449	360	116
902	450	360	114
902	451	359	114
902	451	360	114
901	454	360	115
901	451	360	116
900	454	359	115
900	452	360	115
901	449	360	117
901	455	359	116
901	453	358	117
901	450	358	118
901	453	357	117
901	450	357	117
900	456	356	115
901	451	355	116
900	456	355	114
900	452	355	115
900	460	354	112
903	457	354	112
900	453	355	113
899	456	354	112
899	462	353	111
898	458	353	111
898	461	353	109
898	458	353	109
898	462	352	108
898	459	354	107
898	464	353	107
898	463	353	107
898	459	354	109
896	463	353	108
896	462	352	108
897	462	351	108
898	463	351	107
897	464	351	106
898	465	351	106
898	464	352	106
896	463	352	106
897	461	351	107
897	463	349	107
897	459	349	108
897	461	347	109
898	462	348	110
898	465	347	110
898	458	348	112
897	459	347	115
897	462	347	115
899	464	347	114
898	463	348	114
899	461	347	115
899	462	347	114
900	463	346	114
900	464	346	113
900	463	345	113
900	465	345	114
901	464	345	113
901	465	344	114
902	465	344	115
903	465	344	115
902	466	344	116
902	467	343	114
903	467	343	113
904	467	342	113
904	471	342	115
905	469	341	114
907	464	340	116
906	474	340	114
908	474	341	113
909	476	341	111
909	477	341	109
910	477	341	108
911	482	341	108
911	479	342	108
911	482	341	108
912	480	341	110
913	482	341	110
914	483	341	109
915	480	339	110
915	482	338	112
918	481	339	111
917	484	338	110
919	486	339	109
918	481	339	110
919	478	337	114
919	482	336	115
921	480	335	115
922	483	335	115
925	483	335	115
925	483	333	115
925	490	334	113
927	493	334	112
928	494	335	112
930	490	335	113
930	492	335	114
931	490	334	114
929	493	333	116
933	492	332	115
932	492	333	117
933	493	333	117
933	493	332	119
934	497	332	118
937	496	332	116
936	502	331	116
938	501	331	115
938	504	332	113
940	502	332	113
939	508	331	110
941	504	332	112
941	509	331	110
942	509	331	108
943	513	332	106
945	516	331	104
947	519	331	102
947	520	333	98
948	522	334	97
948	521	334	95
950	524	334	95
949	522	335	94
951	524	334	95
951	524	334	94
952	524	334	94
953	524	334	93
952	523	335	93
954	524	335	93
954	524	335	93
955	523	335	93
957	523	335	92
957	524	335	94
957	522	336	93
958	521	336	95
958	521	337	95
959	522	337	95
960	520	337	96
960	521	335	97
961	521	336	97
962	520	337	96
961	519	337	97
961	520	337	98
961	521	338	99
962	523	337	99
963	520	339	98
964	520	339	97
964	521	339	96
965	521	340	95
964	522	340	93
964	522	340	94
965	520	340	95
966	523	340	97
966	520	340	98
968	520	341	96
968	519	341	95
969	518	340	95
969	516	341	95
969	517	341	96
970	517	341	95
971	516	342	94
971	515	342	95
972	515	342	95
972	512	342	96
973	512	342	95
974	513	341	96
976	513	341	95
975	512	341	95
976	512	341	95
975	512	341	95
976	512	342	95
977	509	342	95
979	509	342	94
980	507	342	95
981	506	343	95
979	504	343	94
980	506	342	95
981	504	342	95
981	503	342	95
982	503	342	95
983	503	342	94
985	502	342	94
986	502	342	94
987	501	342	94
986	501	343	95
986	499	343	96
987	499	343	96
988	496	344	96
990	496	344	97
992	494	345	96
989	493	345	96
993	492	346	95
991	492	345	95
994	490	346	94
992	490	345	93
996	489	345	93
996	488	345	92
998	486	346	93
999	485	346	92
999	485	345	92
1000	481	345	92
999	482	345	92
1002	479	344	93
1002	480	344	93
1003	476	344	93
1004	475	344	93
1006	473	344	92
1006	472	344	92
1007	472	343	92
1009	469	343	92
1010	470	342	91
1011	468	343	91
1013	467	342	90
1014	467	341	90
1015	464	340	91
1016	462	341	91
1017	462	340	90
1019	460	340	89
1019	461	340	89
1021	457	341	91
1022	457	341	90
1024	456	341	90
1025	455	341	89
1026	454	339	90
1027	451	339	91
1029	454	337	89
1033	449	337	90
1034	451	337	90
1035	448	337	91
1038	449	336	90
1039	444	337	92
1040	444	337	90
1040	445	336	89
1042	446	335	89
1044	445	334	89
1046	444	335	90
1048	442	335	90
1049	440	334	92
1049	440	334	93
1050	440	333	91
1052	442	333	90
1055	441	334	89
1054	441	332	89
1057	442	332	89
1059	443	331	89
1062	442	330	89
1063	441	329	90
1065	441	329	90
1066	442	329	89
1068	442	328	89
1069	443	328	90
1070	442	328	89
1070	443	328	88
1072	445	328	86
1073	445	328	86
1076	445	327	86
1077	445	326	87
1078	445	325	87
1079	446	324	88
1080	446	324	88
1080	447	323	88
1083	446	324	88
1083	447	323	88
1084	448	323	88
1085	450	322	88
1087	448	322	88
1089	448	320	89
1089	448	320	89
1091	449	320	88
1092	449	319	88
1092	450	319	88
1093	451	318	87
1094	451	317	86
1095	452	317	86
1095	455	316	84
1097	454	317	84
1098	454	315	85
1100	454	314	85
1101	454	313	86
1100	455	312	87
1101	455	312	87
1101	455	312	87
1102	456	312	88
1102	455	312	88
1103	453	312	89
1101	453	311	89
1102	455	310	88
1102	456	310	88
1102	455	309	88
1104	457	308	87
1105	456	307	87
1105	456	306	87
1106	456	305	87
1105	457	305	86
1106	459	303	86
1108	457	302	87
1107	458	302	87
1107	456	302	88
1106	457	300	88
1108	457	300	88
1108	458	298	87
1108	456	298	88
1108	459	296	87
1110	457	294	87
1109	459	293	86
1110	456	293	87
1109	460	291	87
1111	457	290	87
1109	460	289	86
1111	457	289	86
1109	461	287	85
1109	461	286	85
1109	461	285	85
1108	463	285	85
1109	463	284	86
1108	462	283	86
1109	462	281	86
1109	464	280	86
1107	465	280	85
1107	465	279	85
1107	466	279	85
1107	466	278	85
1106	468	278	85
1104	471	277	85
1104	471	277	86
1104	472	277	86
1103	469	277	86
1103	472	274	86
1103	474	274	86
1102	472	273	86
1102	475	272	85
1102	473	271	86
1101	476	270	85
1100	478	269	86
1101	477	267	86
1101	480	266	87
1100	480	265	86
1100	480	264	86
1098	483	263	85
1098	480	262	85
1099	482	260	84
1099	484	259	84
1099	484	259	84
1099	484	258	84
1099	486	257	83
1098	485	257	84
1097	486	256	84
1098	487	254	83
1098	486	253	83
1098	487	252	84
1098	485	251	85
1098	489	250	84
1098	490	249	84
1098	488	247	85
1099	490	247	85
1098	488	245	86
1098	491	245	86
1098	486	243	88
1099	487	242	87
1099	488	242	88
1100	488	241	89
1099	488	240	90
1099	486	239	90
1100	488	239	89
1100	486	238	89
1100	487	238	89
1103	485	237	89
1101	487	236	89
1102	486	235	89
1102	485	234	89
1105	489	232	90
1105	485	231	91
1105	484	230	92
1105	489	230	90
1106	487	229	91
1108	487	227	91
1108	486	226	92
1108	486	226	92
1110	485	225	92
1113	485	222	93
1112	482	221	95
1113	483	220	95
1113	483	219	95
1115	482	218	95
1115	478	217	96
1114	483	218	94
1116	477	218	95
1115	482	218	93
1117	479	216	94
1116	480	217	93
1116	480	216	93
1116	480	216	94
1117	476	215	94
1116	479	215	93
1118	476	215	94
1119	477	214	94
1121	474	213	95
1119	478	212	95
1122	476	211	97
1122	476	210	98
1123	475	209	97
1124	474	208	97
1123	474	208	95
1123	476	208	94
1124	475	208	94
1124	477	207	95
1126	473	206	95
1126	475	205	95
1127	475	204	95
1126	474	204	95
1127	473	204	95
1126	472	204	94
1126	471	205	94
1127	471	204	93
1128	469	204	92
1128	470	203	91
1128	472	202	90
1127	472	202	89
1128	473	201	90
1129	471	201	90
1130	471	200	89
1130	470	200	88
1132	469	199	88
1133	468	198	87
1135	467	196	87
1134	467	196	88
1133	466	197	87
1134	465	196	87
1133	464	197	85
1133	463	196	86
1133	462	196	86
1134	461	195	86
1134	461	195	87
1134	460	195	89
1134	459	196	89
1134	456	197	88
1135	455	197	88
1135	454	196	88
1136	452	196	88
1136	450	195	89
1137	449	195	90
1138	448	194	91
1137	447	194	91
1137	445	194	91
1139	443	194	91
1138	441	194	91
1139	439	194	90
1139	438	194	90
1139	437	194	90
1139	435	193	90
1141	434	193	90
1141	432	192	91
1142	431	192	92
1144	429	190	94
1145	429	189	96
1143	428	190	95
1141	425	191	93
1142	423	191	92
1143	421	190	93
1144	420	189	95
1144	418	189	96
1145	418	188	97
1143	416	189	96
1143	414	189	94
1145	411	189	94
1144	409	189	94
1145	405	188	93
1146	406	187	93
1146	404	186	94
1145	403	186	94
1146	400	185	95
1146	398	185	96
1147	398	184	96
1148	395	183	96
1149	396	182	95
1146	393	182	96
1144	393	183	96
1143	392	184	95
1144	390	184	95
1143	388	184	94
1144	388	183	95
1142	387	183	95
1142	386	183	95
1143	384	183	95
1145	381	181	96
1145	381	181	96
1143	381	181	97
1142	380	182	95
1139	379	184	92
1139	379	184	91
1140	379	184	91
1140	378	183	90
1140	378	183	89
1138	377	184	88
1140	377	183	89
1138	378	183	88
1137	377	183	89
1137	375	183	89
1140	375	182	89
1139	375	182	89
1144	372	180	90
1144	372	179	90
1144	372	179	90
1142	370	179	88
1142	371	180	88
1147	369	178	90
1147	369	177	90
1146	368	177	90
1146	368	177	90
1147	366	177	90
1150	367	175	90
1148	367	175	90
1152	369	174	91
1151	367	174	90
1150	367	174	90
1151	366	175	90
1153	367	174	91
1153	366	174	91
1155	365	173	91
1155	366	174	90
1158	366	172	90
1158	365	172	91
1159	367	172	90
1160	366	172	90
1161	366	172	90
1165	366	169	91
1167	367	168	92
1164	369	169	91
1167	368	169	90
1170	366	168	91
1170	368	168	90
1173	367	167	90
1173	368	167	89
1176	367	166	88
1177	370	165	89
1177	368	165	89
1181	370	164	90
1179	371	164	90
1183	370	162	91
1182	373	163	90
1186	369	162	90
1186	373	161	90
1188	372	160	90
1190	374	160	90
1191	371	160	89
1193	374	159	88
1194	373	158	89
1194	373	158	88
1196	376	157	88
1197	373	157	90
1200	377	156	89
1202	374	155	89
1203	376	154	90
1204	374	153	92
1205	376	153	91
1207	373	152	92
1208	375	152	92
1210	375	151	91
1212	376	151	91
1213	374	150	91
1214	376	150	92
1215	379	149	91
1216	373	149	93
1218	376	148	93
1218	373	148	94
1218	376	148	94
1220	374	147	95
1221	374	147	95
1223	376	147	94
1224	374	146	95
1225	377	146	94
1228	373	145	95
1227	375	144	96
1230	373	143	95
1231	376	143	94
1231	376	143	93
1232	376	143	93
1234	376	142	91
1236	377	140	91
1239	376	138	91
1240	379	137	90
1241	377	137	90
1243	379	136	91
1241	375	136	91
1244	376	135	91
1242	377	136	90
1244	376	136	90
1243	376	137	89
1244	375	136	90
1244	372	137	90
1245	371	136	91
1246	371	136	91
1247	372	136	91
1247	371	136	91
1249	370	136	91
1248	368	135	91
1249	369	135	92
1250	367	134	91
1250	367	134	92
1252	366	134	91
1253	365	133	91
1253	365	133	91
1253	366	133	91
1252	364	133	92
1254	364	134	91
1254	363	133	90
1253	363	134	89
1254	361	134	89
1254	361	134	89
1254	360	134	89
1253	359	135	89
1255	358	135	89
1254	357	136	89
1255	356	136	89
1254	355	137	88
1254	353	137	89
1254	353	137	89
1253	353	138	90
1253	352	138	89
1253	351	139	89
1254	351	138	89
1254	349	138	89
1254	348	139	89
1253	346	140	88
1253	345	140	88
1253	345	141	87
1252	345	141	87
1253	344	141	87
1253	343	142	88
1253	342	142	88
1253	342	143	87
1253	340	143	88
1253	339	143	87
1252	340	144	87
1252	340	144	87
1253	339	144	87
1253	338	144	88
1254	336	144	87
1253	337	145	87
1254	334	145	86
1253	337	146	85
1253	334	146	85
1254	336	146	85
1254	336	146	86
1255	334	146	86
1254	335	147	85
1255	335	147	85
1254	335	147	86
1254	332	148	84
1254	337	149	83
1255	334	149	82
1256	336	149	82
1256	335	150	81
1256	337	151	81
1256	336	151	81
1255	339	152	84
1256	337	153	85
1256	340	153	85
1258	336	154	84
1256	340	155	83
1257	339	155	81
1256	342	156	81
1257	342	157	81
1257	343	157	81
1257	343	158	81
1258	343	159	80
1258	346	159	79
1259	343	160	78
1257	347	162	79
1259	345	163	77
1257	350	164	79
1259	347	165	78
1258	349	166	79
1258	349	166	78
1258	351	167	79
1257	353	168	80
1258	353	169	80
1257	352	170	78
1257	356	170	77
1257	358	171	79
1258	356	171	79
1258	354	172	79
1259	358	173	78
1258	360	173	80
1258	358	174	80
1257	362	175	81
1257	361	176	81
1257	365	177	81
1257	363	178	81
1256	362	178	81
1256	365	179	80
1256	363	180	79
1257	364	180	77
1257	366	181	78
1256	368	182	80
1256	366	183	80
1255	368	183	80
1255	365	184	79
1255	366	185	78
1255	363	186	75
1255	364	187	73
1254	368	188	74
1254	371	187	78
1254	368	187	80
1255	366	187	81
1255	365	188	81
1254	366	188	83
1254	366	189	83
1254	365	190	82
1255	365	191	81
1254	364	192	81
1254	364	192	81
1254	362	192	81
1254	361	193	81
1254	358	193	79
1255	357	194	77
1255	358	194	77
1255	358	195	78
1254	358	196	79
1255	356	197	78
1254	354	197	78
1255	349	197	76
1255	354	198	75
1255	353	198	76
1255	351	199	75
1254	351	199	76
1255	349	199	76
1254	348	199	76
1256	349	200	75
1256	348	200	75
1256	347	200	75
1256	347	200	75
1255	347	201	75
1255	345	202	75
1256	343	202	74
1255	341	203	73
1255	341	204	72
1257	342	205	73
1256	339	205	73
1255	341	205	73
1256	338	205	73
1255	338	205	73
1255	339	205	75
1255	339	205	76
1257	335	204	77
1257	335	205	77
1257	336	205	78
1256	334	206	77
1257	334	205	78
1257	333	205	77
1258	332	206	76
1257	333	206	76
1257	334	206	77
1257	332	207	77
1258	332	209	76
1257	331	210	74
1256	339	209	79
1257	331	207	80
1256	334	207	81
1257	330	207	81
1258	330	207	80
1257	330	207	79
1259	331	208	80
1257	333	208	81
1257	332	208	82
1257	329	208	82
1257	328	209	81
1256	330	209	81
1260	332	212	82
1258	330	212	83
1259	328	211	82
1259	330	211	83
1261	330	211	83
1260	329	212	83
1260	329	212	83
1261	329	212	82
1260	330	212	82
1262	329	213	81
1261	332	214	81
1262	329	213	79
1263	331	215	79
1264	330	216	78
1264	330	215	79
1264	329	215	78
1265	332	216	80
1266	330	217	79
1267	329	217	79
1267	330	217	79
1268	331	217	80
1269	331	217	80
1269	331	218	81
1271	332	218	81
1270	330	219	79
1269	331	219	79
1271	330	218	79
1272	330	217	80
1272	328	217	79
1272	329	218	79
1273	329	219	80
1274	328	220	79
1275	331	220	81
1275	330	221	81
1277	328	221	81
1277	327	222	81
1276	327	222	80
1276	327	223	79
1276	326	222	79
1277	327	222	81
1279	326	222	82
1277	323	222	81
1278	323	223	80
1279	323	223	81
1280	324	223	81
1280	321	224	80
1279	322	224	79
1279	320	225	78
1279	319	225	78
1281	318	224	78
1280	317	224	78
1280	317	224	79
1281	316	224	80
1281	316	224	80
1282	317	225	80
1281	316	225	81
1282	315	225	81
1283	313	225	81
1282	313	225	81
1283	312	226	82
1281	310	225	82
1283	311	226	81
1283	308	226	81
1281	309	227	81
1282	308	227	81
1281	305	227	81
1282	307	227	81
1281	304	227	82
1279	304	228	83
1279	302	228	82
1278	301	229	82
1278	300	229	82
1278	299	229	82
1277	297	229	82
1277	296	229	81
1278	295	228	82
1277	295	228	82
1276	294	229	82
1275	293	229	82
1275	292	229	83
1275	289	229	82
1275	290	229	82
1274	287	229	81
1274	287	230	81
1273	285	230	81
1273	285	229	82
1272	283	229	82
1273	283	230	82
1274	281	229	83
1275	280	228	83
1274	278	228	82
1274	279	228	82
1275	277	227	81
1276	276	227	82
1275	274	227	82
1276	272	227	83
1275	271	227	84
1275	270	227	85
1274	268	228	84
1274	266	227	83
1275	267	226	84
1273	265	227	83
1272	263	226	82
1272	264	227	83
1273	264	226	84
1273	262	226	84
1274	263	224	85
1275	260	224	85
1275	258	224	83
1275	258	225	83
1274	258	225	82
1275	255	224	81
1274	254	225	80
1275	253	225	79
1275	252	225	80
1274	250	225	79
1274	251	224	81
1275	251	223	81
1276	250	223	80
1277	248	223	79
1275	246	223	78
1275	245	223	78
1277	245	222	78
1276	244	222	78
1275	243	222	79
1278	242	222	79
1276	243	221	80
1277	243	221	79
1278	240	221	77
1278	238	221	76
1278	238	222	75
1277	239	223	74
1277	239	223	74
1276	242	223	75
1274	240	223	77
1275	238	224	77
1276	240	223	76
1276	238	223	77
1276	235	223	75
1275	237	223	75
1275	234	223	76
1275	238	223	76
1275	234	222	77
1274	235	222	76
1273	233	221	76
1273	233	221	75
1271	234	222	75
1271	234	221	75
1270	235	221	75
1269	233	220	76
1270	233	219	76
1269	233	219	75
1271	232	219	74
1269	234	219	73
1269	233	219	72
1267	235	219	73
1268	235	219	73
1266	237	218	74
1265	236	219	75
1263	237	218	76
1263	238	218	76
1259	237	219	76
1256	235	221	76
1253	237	221	76
1250	238	222	76
1248	239	222	77
1248	239	223	76
1244	241	223	77
1243	241	223	76
1241	243	223	77
1239	246	223	78
1238	247	224	79
1236	247	224	79
1234	251	224	80
1231	252	225	78
1230	254	226	77
1227	257	226	77
1227	260	227	77
1224	258	228	76
1220	260	228	76
1217	261	228	76
1215	264	228	77
1212	267	229	77
1209	269	230	77
1208	273	231	78
1201	275	234	78
1197	274	235	78
1196	275	235	79
1192	282	236	81
1189	285	236	81
1181	284	239	82
1186	284	240	81
1184	289	239	80
1182	290	239	80
1179	291	239	79
1174	294	241	80
1173	293	241	80
1168	302	242	82
1168	299	244	79
1166	301	244	79
1164	302	245	79
1163	304	245	79
1160	304	245	79
1160	310	246	79
1157	307	247	78
1154	309	247	79
1151	312	248	81
1147	312	249	82
1146	314	249	82
1144	315	249	82
1143	317	250	82
1138	321	252	83
1138	318	253	82
1137	321	255	82
1134	323	254	83
1133	322	255	83
1131	322	256	84
1130	323	257	84
1128	326	258	85
1125	328	258	85
1125	325	258	85
1125	328	259	84
1125	329	259	84
1123	331	259	85
1121	330	260	84
1122	334	261	84
1121	334	260	84
1121	336	261	84
1120	339	261	84
1121	338	262	84
1119	339	262	84
1119	340	264	84
1119	340	263	85
1121	341	264	84
1119	341	263	85
1120	342	264	85
1119	342	264	85
1121	343	267	86
1121	342	267	86
1119	344	267	86
1119	344	269	86
1118	348	270	89
1119	347	271	89
1119	349	272	91
1119	348	272	90
1121	346	273	90
1121	350	273	90
1122	349	273	91
1123	350	273	91
1124	351	274	91
1124	349	275	91
1125	350	275	92
1126	350	276	91
1127	352	276	92
1125	351	277	91
1127	350	279	91
1127	351	280	90
1128	352	281	89
1128	350	282	89
1127	352	282	89
1130	348	283	91
1131	350	281	93
1130	347	283	94
1130	349	284	93
1132	346	285	93
1132	348	285	92
1133	346	286	93
1134	348	286	93
1132	345	288	93
1134	347	287	93
1133	346	289	92
1134	346	290	92
1131	344	293	90
1131	346	293	90
1131	343	295	90
1132	346	297	89
1130	344	298	90
1131	342	299	89
1130	344	301	89
1129	339	302	90
1130	341	303	90
1129	340	303	92
1129	338	305	92
1129	338	305	93
1129	335	306	94
1128	336	308	94
1129	335	308	95
1128	334	309	96
1127	335	310	97
1127	331	312	97
1126	333	313	97
1127	329	314	96
1125	332	315	96
1126	328	317	96
1123	332	317	96
