347	413	146	38
347	413	146	37
349	417	147	37
352	419	147	37
355	423	148	37
356	425	148	37
358	429	148	37
362	430	149	37
364	434	148	37
367	437	149	36
370	439	149	36
373	443	149	36
376	446	148	36
379	448	148	37
382	452	148	37
385	454	148	37
388	458	147	37
391	460	148	38
394	462	148	38
396	466	148	38
400	467	148	39
402	471	149	39
405	474	149	39
408	477	149	39
410	479	149	39
414	483	149	39
416	487	150	39
421	488	151	39
423	492	151	39
426	494	152	39
428	497	152	38
432	499	152	38
435	504	151	37
438	505	151	38
442	508	151	37
446	509	151	38
449	511	150	38
452	516	149	37
456	517	149	37
459	517	148	38
464	521	147	37
467	522	147	37
471	524	147	37
474	527	147	37
477	528	146	37
481	530	146	37
484	532	146	36
489	534	146	36
492	535	146	36
496	537	146	36
498	538	146	35
503	539	147	36
505	540	146	35
510	541	147	35
513	543	147	35
516	544	146	35
520	544	146	35
523	545	146	35
527	546	146	35
530	546	146	35
534	547	145	34
537	547	145	34
541	547	146	34
543	548	146	34
547	549	146	34
550	549	147	34
552	549	147	34
555	549	148	34
558	550	148	33
560	550	149	33
563	551	149	33
565	551	150	33
567	552	149	33
571	551	149	34
574	552	148	34
577	552	148	34
579	553	148	34
581	553	148	34
586	552	147	35
586	553	147	34
589	553	146	34
591	553	146	34
594	553	145	35
595	554	145	35
597	554	145	35
598	554	144	35
600	554	144	35
600	555	145	35
602	555	145	35
602	556	146	35
604	556	145	35
604	556	145	35
605	556	146	35
604	557	146	35
605	557	146	35
605	557	146	35
605	558	146	34
604	558	146	34
605	559	146	34
603	559	145	34
603	559	145	34
602	560	145	34
601	561	145	34
600	561	145	34
600	561	144	34
599	561	144	35
597	559	144	35
596	561	143	35
594	561	143	35
594	560	143	36
591	559	144	35
589	559	144	36
588	558	144	36
585	560	144	36
584	558	144	36
580	559	145	36
579	559	145	36
576	559	145	36
573	557	145	36
571	558	145	36
568	558	145	36
566	556	145	37
564	556	146	37
560	555	146	37
557	555	146	37
554	554	147	38
552	554	147	37
549	554	147	37
547	552	148	37
544	553	148	37
541	552	148	37
539	551	148	37
537	551	148	37
534	550	148	37
531	549	148	37
529	548	148	37
527	548	148	37
524	547	149	37
522	547	149	37
519	546	149	37
517	545	149	37
515	544	150	36
513	544	150	36
511	544	150	36
510	542	151	36
508	541	151	36
507	541	151	36
505	540	151	35
504	538	151	35
503	537	151	35
502	537	151	35
502	536	152	35
501	535	152	35
500	534	152	35
499	534	152	35
499	533	152	35
498	532	152	34
497	531	152	34
497	531	152	34
497	530	152	34
497	530	152	33
495	529	153	33
494	529	153	33
492	527	154	33
488	525	155	33
483	524	157	33
479	524	158	33
472	523	160	33
466	522	161	33
458	521	164	34
452	520	166	34
444	519	169	35
439	518	172	35
432	517	174	36
426	516	178	36
421	514	180	37
417	513	182	38
414	512	185	38
409	511	186	39
408	510	188	39
406	509	189	40
405	509	191	40
403	508	192	41
404	508	194	41
403	507	195	42
403	506	196	42
403	505	197	43
403	505	199	42
404	505	200	42
405	504	201	43
406	504	201	43
406	504	202	43
408	503	203	44
409	503	203	45
408	503	203	44
410	503	204	44
409	503	205	44
409	503	206	45
405	503	207	45
403	502	209	45
398	501	211	46
392	501	214	46
386	501	217	46
378	499	220	47
369	500	224	47
362	501	228	48
358	499	233	49
352	500	237	50
346	500	241	51
343	500	245	52
339	498	249	53
338	498	252	55
335	497	256	57
333	496	259	58
333	496	262	60
334	496	264	62
336	495	265	63
337	496	266	63
340	496	268	63
343	497	269	64
346	498	269	64
351	500	269	64
353	500	269	64
357	501	271	64
360	502	272	63
364	502	272	63
367	504	271	63
371	505	271	62
374	507	272	62
376	508	273	62
382	508	273	62
384	510	273	62
388	512	274	61
389	513	275	61
395	514	275	62
397	517	274	61
403	518	274	62
405	519	273	62
408	520	273	62
414	521	273	62
416	525	273	61
420	525	274	61
423	525	275	61
424	528	273	61
427	530	275	60
429	533	275	60
434	534	275	59
436	537	275	59
437	536	275	60
439	537	275	61
442	538	275	61
445	540	275	61
446	541	275	61
449	543	275	61
452	545	274	61
454	548	275	61
454	549	274	61
456	549	275	61
459	550	274	62
460	552	272	62
462	553	271	62
464	555	271	63
466	557	271	63
469	558	271	63
469	559	269	63
472	561	270	63
474	563	269	63
476	564	271	63
476	566	271	62
479	568	272	62
479	569	271	62
482	571	272	61
482	573	272	61
485	574	274	61
486	576	273	60
488	577	274	60
489	579	274	60
492	580	274	59
495	581	274	59
497	583	274	59
501	583	274	59
502	584	273	59
507	585	273	59
509	584	274	59
513	585	273	59
517	585	273	60
520	586	272	60
522	586	272	60
526	585	272	61
529	586	272	61
533	587	272	61
539	586	271	61
543	587	272	61
547	587	272	61
551	587	272	61
555	588	272	60
561	587	271	60
565	588	271	60
570	588	271	60
574	587	271	59
579	588	270	59
583	587	271	59
589	586	272	60
594	585	271	60
601	585	271	60
606	584	271	60
610	585	271	60
617	586	271	59
621	585	271	58
626	586	271	57
631	587	271	55
636	585	271	56
642	584	271	55
648	585	272	55
653	584	273	55
658	582	273	55
663	582	273	55
670	581	273	55
674	579	273	54
678	578	273	54
683	578	273	53
689	577	272	53
694	574	272	54
699	573	271	54
703	570	271	55
709	570	271	55
713	568	270	55
717	568	270	55
722	565	270	55
726	564	270	55
730	564	270	55
735	563	270	55
738	563	269	54
744	560	269	55
746	561	269	54
750	559	269	54
754	562	270	52
757	560	269	52
759	561	269	52
764	557	268	53
765	559	268	52
768	555	267	53
772	556	267	53
774	556	267	52
776	556	267	52
777	556	267	51
778	554	268	52
780	553	268	52
781	554	268	51
783	553	269	51
784	553	268	50
785	551	269	50
786	551	270	50
787	551	269	50
787	551	269	50
787	550	270	50
789	550	270	50
790	548	269	50
790	549	269	50
789	549	269	50
790	547	269	50
791	547	269	50
790	546	268	51
792	544	268	52
791	546	268	51
791	543	267	52
792	543	268	53
792	545	268	52
791	545	267	52
792	544	267	52
792	543	267	51
792	542	267	53
793	543	268	52
793	544	268	52
792	545	267	51
796	544	268	51
794	545	267	50
797	543	267	51
796	543	267	50
798	543	266	50
799	542	267	50
800	543	267	50
801	541	267	51
801	541	268	51
802	539	267	51
803	538	268	52
803	535	268	53
806	533	270	54
810	533	276	54
805	532	274	55
809	530	277	55
810	528	279	57
810	527	278	57
813	526	277	58
815	524	276	59
815	523	274	60
817	521	272	61
817	522	270	60
820	520	269	61
824	521	268	60
827	520	268	60
828	521	267	59
831	522	267	58
832	522	267	57
834	522	268	56
837	523	268	55
838	523	268	53
841	522	268	54
843	519	267	54
846	517	267	56
847	514	267	58
849	515	267	57
852	513	268	57
854	511	268	57
856	513	269	56
860	510	269	57
862	510	269	57
864	512	267	55
869	511	267	54
872	512	268	53
873	512	268	53
875	507	267	55
878	509	269	55
879	509	268	54
883	508	267	54
885	506	266	54
887	504	266	54
890	504	266	53
893	502	265	54
896	500	264	56
898	502	265	55
900	498	264	56
903	494	264	57
906	494	265	57
910	492	264	59
912	491	264	60
914	490	266	60
915	486	265	61
918	483	264	63
924	483	266	63
924	482	268	63
928	482	268	63
933	482	273	63
933	482	275	63
937	481	276	63
941	482	278	62
940	482	279	61
941	484	278	60
943	483	276	60
945	482	274	60
946	483	270	59
948	484	268	59
950	484	267	58
952	483	266	58
954	484	267	58
957	484	267	58
962	484	265	58
964	483	263	58
965	484	265	58
969	486	262	57
973	485	262	57
976	481	262	58
978	484	261	57
979	480	262	59
982	481	262	59
982	483	262	58
984	483	264	58
985	483	263	58
987	482	263	58
990	485	262	57
992	485	262	57
993	485	261	57
994	485	261	57
996	485	262	58
996	487	262	56
997	488	264	55
997	488	265	55
1000	486	266	56
999	486	267	56
1002	484	268	58
1003	482	269	58
1004	483	270	59
1003	482	268	60
1005	483	268	60
1006	483	267	60
1008	481	266	61
1010	481	265	62
1011	480	264	62
1012	480	263	61
1014	481	262	61
1015	482	260	59
1014	484	260	58
1013	483	262	57
1011	483	263	56
1011	483	266	56
1009	484	267	55
1011	484	266	54
1012	484	266	53
1015	484	265	52
1017	483	263	52
1018	483	263	51
1024	482	260	51
1024	480	258	51
1025	479	256	51
1026	479	256	52
1025	477	257	52
1026	475	258	52
1026	473	259	52
1027	471	259	51
1025	471	261	51
1026	469	262	50
1026	467	262	50
1027	465	261	49
1027	463	261	49
1027	461	261	49
1027	457	262	50
1027	455	262	50
1027	453	262	50
1028	451	262	49
1029	446	262	50
1029	444	260	50
1029	441	261	51
1027	440	262	50
1029	437	263	50
1030	434	262	51
1032	430	260	51
1032	427	260	52
1033	423	259	53
1033	421	258	53
1032	418	258	53
1034	414	257	53
1034	413	256	52
1034	410	256	52
1034	407	256	52
1035	402	257	53
1036	398	256	54
1036	396	254	55
1037	392	253	56
1038	389	253	57
1037	389	252	56
1036	387	252	56
1036	385	252	55
1036	383	252	55
1036	382	251	54
1036	380	250	54
1036	376	250	54
1035	375	250	55
1034	371	249	56
1032	369	247	56
1032	368	247	56
1030	369	246	55
1030	366	247	56
1027	366	246	55
1025	365	247	55
1023	364	247	55
1020	365	247	55
1019	363	246	56
1017	360	245	58
1016	358	244	60
1015	358	243	62
1011	358	242	63
1010	357	241	64
1006	357	240	64
1004	358	241	65
1001	359	240	65
997	361	241	65
994	361	241	65
991	363	241	65
988	366	239	64
985	368	240	64
983	371	240	64
980	374	243	63
975	375	243	63
972	379	242	63
968	381	241	62
963	384	240	63
960	387	238	63
956	389	237	63
952	393	236	63
948	395	236	63
945	399	234	63
941	405	234	61
938	407	233	62
933	410	233	63
928	417	234	61
924	419	234	61
919	422	234	62
915	426	234	63
911	429	233	63
906	434	234	63
901	438	234	63
896	440	234	63
894	445	233	62
890	449	233	62
886	451	232	62
881	458	233	61
879	460	232	62
877	462	231	62
872	468	231	61
870	469	230	63
865	476	230	61
863	478	230	62
859	483	230	61
856	485	230	62
854	488	229	62
850	491	229	62
847	494	229	62
845	496	229	62
843	500	228	61
841	504	228	61
839	506	228	60
837	510	228	60
836	512	228	60
833	515	230	60
832	517	230	60
831	518	230	60
830	520	229	61
829	520	228	62
829	525	228	61
829	527	229	61
829	530	228	60
829	532	228	59
830	534	227	59
831	536	227	59
832	540	226	58
832	540	226	58
834	542	225	58
833	543	227	57
836	544	227	58
836	545	227	57
839	546	227	58
840	547	227	57
846	546	226	58
848	547	224	58
850	549	223	57
855	550	223	57
856	553	224	55
861	555	223	53
862	555	224	53
866	556	223	52
869	556	225	52
873	556	225	51
875	556	225	51
878	554	227	51
883	555	225	51
890	554	223	51
893	555	222	51
898	554	223	51
900	554	223	50
906	552	223	50
908	552	223	50
914	552	222	50
917	549	222	50
922	546	221	51
926	545	219	51
930	546	218	50
936	541	217	51
940	540	216	51
945	540	214	51
948	538	215	51
953	539	213	51
959	536	214	51
961	537	214	50
965	537	215	50
966	536	215	49
972	535	216	48
976	533	216	49
980	532	214	49
984	531	214	48
988	530	214	47
993	528	214	47
996	526	214	47
1001	523	212	48
1006	522	211	48
1012	520	210	49
1016	519	211	48
1020	518	211	48
1027	515	211	48
1031	514	210	49
1039	513	209	49
1042	511	209	49
1048	509	209	49
1051	507	208	49
1059	506	207	49
1062	505	207	48
1070	503	208	48
1073	502	208	48
1079	501	208	48
1083	500	208	47
1092	496	208	48
1098	497	208	48
1102	494	207	48
1110	492	208	48
1115	492	208	48
1123	489	209	49
1133	486	210	50
1140	487	210	50
1150	484	212	50
1160	483	213	51
1171	481	215	51
1183	479	218	52
1196	476	220	53
1206	476	224	53
1218	475	227	53
1232	474	230	53
1246	472	232	53
1258	470	236	54
1270	468	239	56
1285	465	242	57
1300	462	243	58
1312	461	247	60
1326	458	250	61
1339	458	252	62
1352	457	254	63
1363	456	257	63
1376	456	259	64
1386	455	262	63
1399	453	263	64
1412	452	266	64
1424	451	268	64
1438	450	271	63
1449	448	273	64
1462	447	276	65
1475	445	279	65
1485	444	282	66
1496	442	284	67
1508	441	286	68
1516	441	287	68
1523	440	289	67
1530	439	290	68
1536	438	290	69
1542	438	291	70
1548	435	292	71
1549	435	292	71
1554	435	292	71
1557	433	292	71
1561	433	291	71
1562	434	291	71
1563	433	290	71
1565	432	290	71
1567	432	291	71
1570	432	290	71
1571	431	291	71
1574	429	292	72
1573	429	293	72
1576	426	294	74
1577	424	295	75
1579	422	295	76
1578	419	296	77
1577	418	297	78
1576	417	298	78
1573	414	300	80
1566	412	303	82
1560	411	305	83
1554	410	307	84
1549	409	308	85
1542	408	309	85
1532	409	311	85
1524	411	313	84
1514	413	314	83
1502	414	316	81
1492	414	318	80
1478	414	318	80
1466	415	318	81
1454	417	318	80
1440	417	320	80
1427	417	323	81
1411	417	323	83
1396	417	322	84
1378	417	322	85
1363	418	321	86
1347	418	321	87
1328	421	320	87
1312	421	318	87
1295	423	318	88
1280	426	316	88
1263	430	315	88
1245	432	316	87
1229	435	315	87
1212	438	314	86
1194	441	314	85
1176	445	313	84
1158	449	313	83
1141	452	312	82
1123	456	311	82
1106	460	310	82
1088	463	309	81
1073	465	308	81
1057	468	307	80
1039	473	306	79
1022	476	305	78
1006	479	305	78
991	481	304	79
976	482	304	80
960	483	303	83
946	485	302	84
930	489	300	84
915	493	299	84
902	493	299	85
889	497	298	85
875	500	296	85
863	502	295	86
848	505	295	87
834	508	294	86
822	512	294	86
810	515	293	86
798	520	293	85
786	522	292	85
773	525	292	85
762	529	291	84
752	530	290	84
743	533	288	84
733	535	287	84
725	536	286	84
714	540	285	83
706	541	285	83
695	542	285	83
687	544	285	83
677	545	285	83
669	545	284	83
660	545	284	84
653	546	284	83
642	546	286	84
638	544	284	85
628	544	285	85
623	544	284	85
620	542	282	86
613	543	281	86
609	541	280	86
605	541	279	85
602	540	277	84
597	539	276	84
594	536	275	85
591	535	275	84
586	533	275	85
583	530	274	85
583	528	272	85
581	524	271	85
578	524	271	85
575	521	271	85
575	518	271	84
573	516	271	84
573	512	269	84
573	509	268	84
573	507	267	85
572	503	267	85
572	502	267	84
573	499	266	83
572	496	266	83
573	493	267	82
576	490	267	81
578	487	267	81
581	484	266	81
583	480	265	81
585	478	265	80
588	475	265	80
590	473	264	80
595	470	264	80
600	467	264	80
603	464	263	80
607	462	261	80
610	459	262	79
616	457	260	79
622	457	259	78
627	452	258	78
632	451	255	78
635	449	254	78
637	447	255	78
644	448	255	77
651	445	254	77
655	443	252	78
661	442	251	77
666	440	251	77
671	440	251	76
676	439	250	76
683	440	248	76
687	441	247	76
695	440	246	75
703	443	243	74
713	445	239	73
724	447	234	72
738	449	227	71
748	455	220	69
765	458	210	67
779	464	200	65
794	469	190	62
805	474	180	59
815	479	172	55
800	487	176	50
825	486	166	49
824	491	163	47
836	490	157	46
834	495	154	43
840	499	153	41
843	502	149	39
854	503	148	38
853	505	144	37
856	505	141	36
859	508	139	35
868	508	137	34
869	509	133	34
878	510	129	34
875	512	127	33
891	512	123	33
883	516	121	31
902	515	115	32
901	517	110	32
913	517	102	32
918	520	97	31
928	521	91	31
933	522	86	30
938	524	82	29
941	526	80	29
945	527	77	28
947	529	76	27
950	530	76	27
951	531	76	27
956	532	74	27
959	532	73	27
962	533	72	27
965	535	71	26
967	535	71	26
969	537	71	26
972	537	71	26
973	539	71	26
975	540	71	26
979	539	70	26
982	541	69	26
984	542	69	25
988	542	68	25
989	542	68	25
993	543	68	25
995	544	67	25
999	543	67	26
1000	545	67	26
1004	544	66	26
1006	545	66	26
1008	545	66	26
1010	546	66	26
1014	547	65	26
1015	547	65	26
1017	548	65	26
1020	548	65	26
1022	549	65	26
1025	549	64	26
1027	550	64	26
1028	550	65	25
1032	551	64	25
1035	551	64	25
1036	552	64	25
1039	551	63	25
1042	552	62	25
1043	552	62	25
1045	552	62	25
1048	552	62	25
1049	552	61	25
1053	553	61	25
1055	552	60	25
1057	553	60	25
1058	552	60	25
1061	552	59	25
1062	553	59	25
1065	552	59	25
1068	552	58	25
1070	553	58	25
1070	552	59	25
1075	553	58	25
1075	552	58	25
1079	552	57	25
1079	553	57	25
1082	552	57	25
1083	553	56	25
1085	552	56	25
1086	552	56	25
1088	551	55	25
1088	550	55	25
1088	551	55	24
1091	552	55	24
1087	551	54	24
1085	551	54	24
1083	550	53	23
1082	550	52	23
1082	548	51	23
1081	549	50	23
1081	548	49	22
1081	549	48	22
1081	547	47	22
1083	548	48	21
1084	548	48	21
1085	548	48	20
1086	548	48	20
1087	547	48	20
1089	547	48	20
1089	547	47	20
1092	547	47	20
1092	547	47	20
1094	547	46	20
1096	548	45	21
1109	569	44	22
1113	573	43	21
1113	572	42	20
1114	573	41	20
1115	574	40	19
1116	575	40	19
1116	574	40	18
1117	574	40	18
1117	575	40	18
1118	576	40	18
1118	576	40	17
1119	575	40	18
1119	576	40	17
1120	575	39	18
1120	575	40	18
1121	576	40	18
1121	575	40	18
1122	575	40	18
1122	576	40	18
1123	576	40	18
1124	576	40	18
1123	577	40	18
1123	576	41	18
1123	577	41	17
1124	577	41	17
1125	577	40	18
1125	578	40	17
1126	577	40	18
1126	578	40	18
1128	577	40	18
1128	577	40	18
1129	578	40	18
1129	578	40	18
1131	579	40	18
1132	578	40	18
1132	579	40	18
1133	578	40	18
1135	579	39	18
1136	578	39	18
1137	578	39	18
1137	579	39	18
1138	579	39	18
1140	579	39	18
1141	580	39	18
1142	580	39	18
1144	579	39	18
1145	579	40	18
1147	580	39	18
1149	579	39	18
1150	580	39	18
1152	580	39	18
1154	579	39	18
1186	555	39	18
1188	554	38	19
1191	555	38	18
1194	554	39	19
1197	555	38	18
1199	556	38	18
1202	556	39	18
1206	555	39	18
1211	556	38	18
1216	555	37	18
1219	555	35	18
1223	555	35	18
1227	554	34	18
1231	555	33	18
1233	556	33	17
1237	556	34	17
1241	556	33	17
1244	556	33	16
1248	556	33	16
1252	556	33	16
1255	556	33	16
1259	556	33	16
1262	556	33	16
1265	556	33	16
1269	557	33	16
1271	557	33	16
1275	557	33	16
1278	557	33	16
1281	556	33	16
1284	557	33	16
1287	556	33	15
1289	558	33	15
1291	557	33	15
1294	557	33	15
1296	557	32	15
1297	557	32	15
1300	557	32	15
1302	557	32	15
1303	557	32	15
1303	557	32	15
1304	557	33	15
1307	556	32	15
1307	557	32	15
1306	557	32	15
1308	557	32	15
1306	557	33	15
1308	556	33	15
1306	557	34	15
1307	557	33	15
1307	556	33	15
1307	557	33	15
1305	557	33	15
1305	557	33	15
1306	556	33	15
1304	557	33	15
1303	556	32	15
1300	557	33	15
1300	557	33	15
1299	556	33	15
1297	556	33	15
1296	556	33	15
1294	555	33	16
1293	556	33	15
1291	556	33	15
1290	555	33	15
1289	554	32	16
1286	554	32	16
1286	554	32	15
1285	554	31	15
1281	555	32	15
1282	554	31	15
1280	554	31	15
1280	554	30	15
1278	553	30	15
1277	554	30	15
1276	554	30	15
1276	554	31	15
1275	553	30	15
1274	554	31	15
1273	554	31	15
1273	554	32	15
1276	554	31	15
1275	553	31	15
1277	554	31	15
1276	553	31	15
1276	555	31	15
1277	555	32	15
1280	554	32	15
1283	554	32	16
1283	554	33	16
1289	553	33	16
1295	553	33	16
1298	552	33	15
1303	554	34	15
1307	554	34	15
1311	554	34	15
1315	554	34	15
1322	554	35	15
1324	554	35	15
1330	554	34	15
1340	555	35	15
1347	555	34	15
1353	555	34	15
1361	555	34	15
1367	556	35	15
1375	555	35	16
1383	556	36	15
1390	554	36	16
1400	556	36	16
1409	556	37	16
1420	556	37	16
1431	555	36	16
1442	555	36	16
1455	556	35	16
1465	555	35	16
1476	557	35	16
1487	557	34	16
1499	556	34	17
1511	557	33	16
1524	557	33	17
1537	556	32	17
