210	480	333	187
212	484	331	186
213	485	331	185
216	485	331	185
220	485	332	186
224	484	333	185
226	485	335	184
229	484	335	184
232	483	335	184
236	483	337	184
238	480	335	184
244	480	337	184
246	480	336	185
250	478	336	184
253	477	338	184
254	477	339	184
261	477	338	183
261	477	339	182
264	476	339	182
269	474	341	181
270	474	341	181
270	474	343	180
274	473	343	180
275	471	344	180
279	469	345	180
279	467	346	179
280	466	346	179
283	465	347	179
283	465	347	179
283	463	348	177
286	461	349	177
285	460	349	177
289	459	350	178
287	457	350	178
288	454	352	178
289	453	354	178
286	450	353	177
288	447	355	180
285	445	355	180
289	441	355	182
286	439	354	183
289	438	356	183
288	434	356	182
287	434	357	182
285	431	358	180
286	429	358	180
284	428	357	179
284	427	358	180
282	425	358	180
281	423	359	180
281	422	359	179
280	420	360	179
279	418	361	180
277	416	361	180
275	417	362	181
274	413	363	181
272	414	363	180
272	412	364	181
272	409	364	182
270	411	365	183
266	407	363	183
263	407	363	184
265	406	365	183
262	407	365	184
262	407	367	183
261	406	366	183
261	407	366	183
257	404	366	185
253	407	365	185
253	405	367	186
251	405	368	187
249	409	369	185
247	403	369	187
246	407	370	188
245	406	370	189
245	406	370	191
244	408	370	191
248	409	369	191
256	410	366	191
268	417	360	188
287	420	354	185
312	426	344	181
355	431	330	175
395	434	313	170
438	437	294	163
479	445	275	156
516	454	260	147
545	461	246	138
570	468	235	131
588	469	228	128
602	472	225	126
613	475	224	125
623	475	223	124
629	479	223	124
616	480	222	124
485	477	214	131
488	465	196	145
504	466	189	150
511	467	182	155
514	458	166	167
524	456	161	170
536	461	158	171
535	456	148	177
556	463	150	175
665	477	158	165
559	471	159	164
574	474	160	163
546	472	155	165
550	478	154	165
633	486	164	156
659	490	169	147
662	490	169	145
663	496	170	139
666	500	171	133
666	503	170	126
665	509	170	121
663	513	168	113
662	517	163	104
664	522	157	95
665	527	151	89
667	532	146	83
666	535	142	80
666	538	141	77
663	540	140	75
662	542	140	74
658	544	140	73
655	546	140	72
654	547	140	71
650	548	141	71
648	549	141	71
645	551	140	70
643	552	140	70
640	553	140	71
637	554	140	70
634	554	140	71
631	556	140	70
629	556	140	70
626	557	140	71
622	558	140	71
619	558	140	71
615	559	140	71
614	559	139	71
611	560	138	72
609	560	137	72
605	561	137	72
602	561	137	72
601	562	137	73
598	563	136	73
595	564	136	72
593	564	136	73
591	565	136	73
588	565	136	73
587	566	136	72
583	567	136	72
581	568	136	72
578	567	134	72
576	569	135	72
576	569	134	72
572	569	134	72
570	569	132	73
568	569	131	73
568	569	131	74
566	569	130	74
563	569	131	74
561	569	131	74
562	569	130	74
562	570	129	75
563	570	128	75
563	571	127	75
560	571	127	75
560	571	127	75
557	571	128	76
557	571	129	75
558	570	128	76
556	570	128	76
555	570	129	76
554	569	130	76
550	570	133	76
550	569	134	76
547	571	137	76
544	569	141	76
539	569	147	76
537	568	150	77
536	568	153	78
535	567	156	79
535	568	159	79
536	567	160	78
537	567	161	79
537	565	161	80
538	565	161	81
541	565	160	81
542	564	160	81
545	563	160	83
547	563	159	83
549	563	159	84
549	562	160	84
551	563	161	84
553	564	161	85
556	563	160	84
559	562	160	85
562	563	160	85
565	561	158	85
567	562	158	86
570	560	157	86
573	561	157	86
575	559	156	86
578	559	156	86
580	560	156	85
583	560	155	84
584	559	155	84
587	560	155	83
589	560	155	83
590	559	155	83
594	559	155	82
594	559	156	82
595	560	156	82
596	560	156	81
598	560	156	81
599	561	157	81
600	562	157	81
600	563	158	80
601	563	158	79
601	562	159	79
602	561	159	80
602	562	159	81
604	560	160	81
602	561	160	81
603	561	161	81
603	563	162	81
603	563	163	81
602	563	163	81
602	564	164	81
601	565	164	82
602	566	164	82
603	568	163	82
604	569	161	82
608	570	158	82
602	569	159	81
615	571	153	86
612	570	150	87
609	569	150	87
613	571	147	89
624	576	139	96
627	577	133	103
609	572	139	102
614	572	137	103
610	571	139	101
615	574	137	103
619	578	132	107
611	576	133	107
624	583	125	113
594	571	138	106
596	578	142	104
599	580	141	105
592	580	143	104
597	585	142	105
595	587	141	105
594	587	142	108
585	586	146	106
572	586	154	102
580	590	154	103
565	590	161	101
570	594	162	101
573	596	161	102
560	597	167	100
556	598	171	99
551	599	176	98
547	600	179	97
544	601	183	95
541	604	186	94
536	605	189	93
535	608	191	94
534	611	194	95
531	613	196	95
530	616	198	95
528	617	200	95
527	620	202	96
522	620	205	96
521	621	206	96
520	623	208	95
518	626	209	95
517	628	211	95
515	630	212	96
513	632	214	96
513	634	215	97
510	635	216	97
509	638	218	96
507	639	219	96
507	641	220	95
504	642	220	94
504	644	220	93
502	645	220	92
501	649	219	91
500	650	217	91
496	651	212	91
493	654	207	90
497	655	206	90
498	658	206	90
498	661	206	89
495	664	203	89
495	667	202	88
495	669	200	87
492	672	195	87
492	675	191	88
492	677	188	87
493	679	186	86
493	681	183	85
495	683	183	85
494	685	182	84
496	689	183	83
496	690	183	82
496	693	183	82
496	694	183	82
496	695	184	82
496	698	185	82
497	699	186	82
497	701	186	81
497	702	186	82
497	703	187	82
497	705	187	82
497	705	186	82
498	705	187	83
497	709	186	82
498	709	188	83
497	710	188	84
497	711	189	84
496	711	189	85
495	712	189	85
496	713	190	84
495	713	190	84
495	714	190	84
495	714	191	84
495	715	191	84
494	716	191	84
493	717	191	84
493	717	191	84
493	718	192	85
493	719	192	85
491	718	193	85
491	720	193	85
490	720	194	85
489	719	194	86
488	720	195	86
488	719	195	87
486	718	195	87
486	720	196	86
485	718	196	87
484	720	195	87
483	717	196	88
482	719	196	87
481	718	197	87
480	717	198	88
478	718	198	87
478	719	199	88
477	717	199	88
476	718	199	88
475	717	199	88
474	717	200	88
473	717	200	88
472	715	201	89
470	716	201	89
469	714	202	89
469	715	202	90
467	714	203	90
466	714	204	89
465	715	204	89
464	715	205	88
462	715	206	88
461	715	206	88
461	714	206	88
459	714	206	88
458	715	207	88
457	715	207	89
456	715	207	89
455	715	208	90
454	715	208	90
453	715	209	90
453	715	210	90
451	715	210	90
450	716	211	90
449	715	211	90
448	716	212	90
447	717	212	89
446	717	213	89
446	718	213	89
444	718	213	89
443	719	214	88
442	718	214	89
441	720	214	88
440	720	215	89
440	719	215	89
438	721	215	88
437	720	216	89
436	721	216	89
436	721	217	88
432	723	217	88
432	723	217	88
431	724	218	88
430	724	218	88
429	725	218	88
428	726	218	88
426	725	218	89
425	725	219	89
424	727	219	89
423	728	220	89
421	726	220	89
420	728	221	89
420	728	221	89
418	728	221	90
417	727	222	90
416	728	222	90
416	729	222	90
414	728	222	90
413	729	222	91
411	729	223	91
411	730	223	91
409	730	224	91
407	730	224	91
407	730	224	91
405	731	224	91
405	730	225	92
404	731	225	92
403	731	226	92
401	731	226	92
400	732	228	92
398	732	228	93
398	732	228	93
396	731	228	94
396	732	229	93
394	730	228	94
394	732	228	94
393	731	229	94
390	731	230	94
390	731	230	94
389	732	230	94
388	731	230	94
387	732	230	94
386	732	231	94
384	733	232	94
384	733	232	94
383	732	232	94
382	732	233	94
381	732	234	94
380	732	235	94
380	731	235	95
379	732	235	95
378	731	236	95
377	731	236	95
376	732	237	95
376	732	237	95
375	732	237	95
374	730	237	96
373	730	237	96
373	730	237	97
372	731	238	96
371	732	239	95
370	730	240	96
369	731	240	95
369	731	241	95
368	732	241	95
366	732	242	94
366	733	242	94
366	732	242	95
365	733	242	95
364	732	242	95
364	732	242	96
364	731	242	97
364	732	242	97
362	731	243	97
362	731	244	96
360	732	245	96
360	732	246	96
359	733	246	96
359	732	246	97
360	732	247	98
358	732	248	98
357	732	248	98
357	731	249	98
355	730	250	99
355	731	250	99
354	730	251	99
354	730	251	100
353	732	252	100
353	730	253	101
351	730	254	100
350	730	254	100
349	730	255	100
348	729	256	100
348	733	257	101
346	731	257	100
345	731	257	101
344	730	257	101
343	732	258	101
341	731	258	101
341	732	258	101
339	733	259	100
337	733	260	100
337	733	260	100
336	733	261	100
335	733	261	100
334	733	261	100
333	733	261	100
332	733	262	100
330	734	262	100
329	734	263	99
328	733	263	100
326	734	264	100
325	732	264	100
322	732	265	101
321	731	265	102
320	731	266	103
318	732	266	102
316	732	267	102
314	733	268	101
311	733	269	101
310	735	271	100
309	734	271	100
305	734	272	100
304	734	272	101
301	734	273	102
301	735	273	101
299	734	274	101
297	733	274	102
295	734	274	102
291	734	275	102
289	734	276	102
287	734	277	103
285	733	278	104
282	732	278	104
282	735	279	104
279	732	280	104
277	733	280	105
274	732	281	106
270	731	282	107
269	733	282	107
266	732	283	106
264	736	285	106
264	734	285	106
258	733	286	106
256	735	287	106
253	736	287	106
252	735	287	107
249	736	288	107
246	736	288	107
245	737	289	107
242	736	289	107
240	739	289	106
238	737	290	107
234	739	290	107
232	739	291	107
229	742	292	106
227	741	292	107
222	742	294	107
220	743	294	107
218	742	295	106
213	743	296	106
212	742	297	106
208	746	298	105
205	745	299	105
201	747	300	104
198	746	301	105
193	749	302	103
191	747	303	104
188	750	303	103
185	750	304	104
182	750	305	105
178	752	306	104
177	749	306	107
173	751	306	106
171	752	307	106
167	751	308	107
164	754	308	106
163	751	309	107
157	755	310	107
155	752	310	108
151	755	311	108
149	753	311	109
145	756	312	108
143	754	312	108
138	757	314	108
136	756	315	109
132	758	316	108
129	756	316	109
124	757	318	109
121	759	318	108
119	758	318	108
115	758	319	109
112	759	321	109
109	760	321	109
106	760	322	110
102	760	323	111
100	761	323	111
96	760	323	111
94	760	324	111
91	761	324	111
90	761	324	110
86	759	325	111
83	760	325	112
80	760	325	112
78	760	325	112
75	759	325	112
72	761	325	111
70	761	325	110
67	762	325	110
65	761	326	110
60	762	327	111
58	761	327	111
57	762	328	111
54	760	328	112
51	760	329	113
48	760	330	114
46	760	331	113
44	761	331	112
42	760	331	111
39	761	331	111
37	759	332	113
34	759	332	113
32	758	332	113
28	759	334	113
26	758	334	112
24	759	334	112
21	759	335	112
16	756	337	112
16	756	338	113
12	757	339	113
9	757	340	113
7	753	341	114
5	753	341	115
3	754	342	114
0	751	343	115
0	753	342	114
0	749	343	116
0	747	342	117
0	748	342	117
0	743	342	119
0	745	341	119
0	742	340	119
0	742	339	119
0	741	339	120
0	738	338	121
0	736	337	123
0	735	336	124
0	733	336	124
0	736	336	122
0	732	335	122
0	732	334	121
0	730	333	121
0	730	330	120
0	729	330	120
0	731	330	118
0	729	329	117
0	729	329	116
0	725	327	116
0	724	327	117
0	726	326	114
0	721	326	116
0	720	324	116
0	720	323	115
0	718	322	115
0	717	321	114
0	716	320	113
0	714	318	113
0	712	316	113
0	713	314	112
0	711	313	112
0	712	312	111
0	709	311	111
0	705	309	113
0	707	309	113
0	703	309	114
0	704	308	112
0	702	307	113
0	698	306	115
0	698	306	114
0	695	306	115
0	695	305	115
0	694	305	116
0	689	304	117
0	691	303	116
0	688	301	118
0	689	300	117
0	688	300	117
0	688	299	117
0	687	298	116
0	686	299	115
0	685	299	115
0	685	300	115
0	684	299	115
0	683	298	114
1	682	296	115
0	684	296	113
0	684	296	112
0	684	296	111
0	683	295	110
0	684	295	111
0	681	295	111
0	683	294	110
0	682	294	109
0	684	294	107
0	681	293	108
0	682	292	107
0	680	292	107
0	681	292	107
0	677	292	110
0	677	293	109
0	677	293	109
0	677	293	109
1	675	293	109
0	677	293	108
1	671	294	110
0	675	295	109
2	672	296	110
2	669	296	111
1	668	297	111
1	668	298	111
2	665	299	111
1	666	300	110
3	665	301	110
2	660	303	112
2	662	304	110
0	662	306	109
3	658	307	110
0	659	308	110
3	658	310	109
1	656	311	109
1	655	313	109
1	651	316	109
1	650	317	110
1	647	319	110
1	646	320	110
1	642	322	111
2	643	324	110
2	641	326	110
3	638	327	110
3	638	328	110
5	635	330	111
4	634	332	111
4	634	333	111
4	630	336	112
4	627	337	113
5	622	339	114
3	622	340	114
3	621	343	112
3	619	345	113
3	615	347	114
3	615	350	115
3	611	351	116
2	608	352	117
1	609	355	116
0	609	357	115
0	606	359	116
0	603	360	117
0	603	362	118
0	603	364	118
0	599	365	117
0	598	365	118
0	598	365	117
0	596	365	118
0	594	365	118
0	591	366	119
0	590	366	119
0	588	365	121
0	584	365	121
0	583	366	122
0	577	364	123
0	580	364	123
0	577	363	124
0	573	363	125
0	575	362	125
0	574	361	125
0	574	359	124
0	571	358	124
0	572	357	124
0	570	356	124
0	570	354	125
0	568	353	126
0	569	350	127
0	568	349	128
0	568	348	128
0	567	346	128
0	567	344	128
0	567	342	129
0	566	341	130
