607	493	346	171
610	499	345	160
608	505	348	153
602	506	349	147
601	508	348	144
597	508	348	142
595	509	347	140
591	510	347	141
591	505	342	139
590	509	342	136
588	508	339	136
586	506	336	136
588	504	335	134
583	506	335	134
583	505	332	135
584	507	328	136
584	504	325	137
583	505	323	137
583	500	321	137
585	501	320	137
583	505	318	139
583	500	317	139
581	500	316	140
581	501	313	140
583	498	312	140
581	498	310	140
583	495	309	140
581	498	309	136
581	497	307	136
583	497	304	137
587	495	302	136
589	498	299	135
591	492	300	134
592	495	301	133
590	492	299	133
592	495	297	130
594	494	295	130
599	492	293	129
598	492	293	129
600	493	290	128
602	490	288	128
605	491	285	129
609	491	284	129
609	488	282	129
612	491	281	130
613	487	280	130
616	488	277	129
617	485	276	128
618	492	276	128
621	484	273	129
624	485	271	129
627	484	268	128
631	487	266	129
630	486	264	129
631	482	263	126
635	485	260	126
636	483	260	122
635	484	260	122
638	484	258	120
641	485	256	119
641	485	253	118
643	484	251	117
644	483	250	114
643	485	250	113
645	485	249	112
647	485	246	112
646	485	245	112
649	482	244	111
649	482	243	111
651	483	242	111
650	481	239	111
653	480	238	111
651	480	236	109
652	480	235	109
648	478	234	109
648	479	233	109
650	478	230	109
648	477	230	109
647	477	229	109
647	477	227	107
646	478	225	106
641	474	225	107
634	476	228	107
623	474	232	107
609	472	237	108
590	468	245	110
568	462	255	113
543	456	268	117
514	454	281	122
487	448	297	125
460	439	311	132
436	442	324	138
408	432	338	146
391	429	350	149
376	425	360	153
364	422	368	158
354	418	374	162
346	410	380	166
337	408	385	169
326	405	390	172
328	402	392	173
321	399	391	177
318	397	391	178
312	398	391	180
313	399	390	177
318	395	385	177
313	398	384	176
318	397	380	175
318	397	376	175
324	391	372	179
321	394	368	178
325	400	369	178
322	391	366	183
326	397	366	182
324	389	365	186
329	401	362	185
328	393	360	186
334	398	357	183
335	397	357	182
342	398	354	182
328	397	356	179
342	402	355	175
351	399	350	176
355	403	345	177
357	397	343	177
363	401	341	173
369	397	337	176
362	401	340	174
372	402	342	169
374	407	337	167
388	401	334	171
391	401	328	166
390	402	328	164
403	405	325	163
411	409	320	162
415	404	316	166
423	405	312	164
430	409	308	162
438	411	306	162
443	404	304	164
443	412	304	163
453	413	302	159
457	409	299	160
462	407	297	163
464	413	298	160
472	409	294	160
476	414	292	160
484	415	290	157
486	416	290	154
489	418	290	151
493	420	289	149
495	423	289	145
497	428	291	141
507	424	289	141
510	425	284	143
516	423	282	143
516	425	280	142
525	424	279	141
525	422	277	142
531	424	276	141
530	425	277	138
537	431	277	134
537	428	271	134
542	430	272	134
543	431	270	134
549	425	267	139
549	429	266	140
552	422	262	142
549	427	265	139
555	430	264	139
555	425	259	137
559	430	259	137
558	430	256	135
563	430	254	137
562	428	253	137
567	425	249	137
563	431	249	135
567	429	248	134
570	427	244	134
567	429	244	132
570	430	242	131
562	432	245	127
566	432	246	126
565	435	246	125
566	433	243	125
568	437	243	124
563	429	239	125
566	432	238	126
564	431	237	125
565	429	236	126
561	429	236	124
566	433	235	124
562	431	234	121
564	432	233	123
563	430	232	121
561	432	231	120
560	432	230	121
562	431	227	121
561	431	225	122
561	431	223	121
562	434	222	120
557	436	222	116
562	433	221	117
559	434	219	117
557	433	217	115
560	432	215	116
558	431	214	116
557	431	212	117
556	430	213	117
555	430	213	117
553	433	213	114
554	426	211	115
554	430	210	114
551	431	210	114
554	427	208	115
550	427	208	113
552	430	206	111
548	430	207	107
550	432	207	104
546	435	208	101
546	431	210	98
544	433	210	98
546	430	209	97
545	430	209	96
544	431	209	96
542	431	210	96
547	432	207	97
544	431	206	97
549	432	204	97
550	434	201	98
547	434	202	97
550	432	201	96
547	431	202	94
551	432	201	94
554	433	199	93
553	432	199	93
559	430	196	93
561	433	194	95
560	432	193	93
565	431	191	94
569	433	189	95
569	434	189	93
571	436	189	93
575	435	187	94
573	436	188	93
578	433	187	94
579	437	186	94
580	434	185	94
584	435	184	93
585	438	184	92
586	438	184	93
590	434	183	93
593	441	182	95
592	436	183	95
598	435	181	94
598	442	181	94
594	441	184	92
603	440	181	93
604	442	180	96
604	441	181	96
604	443	182	94
608	442	181	96
611	443	179	97
611	444	180	97
614	444	179	96
617	446	176	95
620	448	174	95
619	448	175	93
621	450	175	94
622	450	175	92
622	452	175	91
623	452	173	92
622	455	174	91
622	457	173	91
620	459	175	91
620	458	174	92
619	461	175	91
619	461	174	93
616	462	174	92
616	462	174	94
610	464	177	92
615	464	176	93
606	467	179	91
608	466	178	91
607	466	177	91
612	466	173	91
611	464	169	89
610	468	166	91
608	468	165	91
605	468	164	91
605	468	163	90
601	474	164	90
597	474	164	89
598	474	163	87
593	476	162	86
592	478	162	86
590	479	162	85
587	479	161	85
584	481	160	84
583	483	159	84
581	485	158	83
579	486	158	83
575	486	157	84
574	487	157	83
570	490	157	83
567	489	157	83
565	492	156	83
561	490	154	84
558	493	155	83
556	493	155	82
553	496	154	82
548	496	155	83
547	496	155	83
544	496	153	84
541	498	153	85
538	500	153	84
534	500	154	83
533	501	153	82
531	504	153	81
529	505	153	79
526	507	153	78
525	508	152	78
524	509	152	78
525	512	151	79
521	512	152	79
522	514	152	77
519	516	152	77
519	517	152	77
520	517	151	77
519	518	152	76
518	519	152	75
518	521	151	77
519	521	151	77
519	522	152	76
519	522	152	76
521	522	150	75
522	521	148	76
522	523	148	77
525	523	147	78
524	523	148	77
525	523	147	77
527	523	147	77
528	523	147	76
531	522	146	77
534	525	145	76
536	524	144	77
539	523	144	77
540	522	144	77
542	522	144	75
545	524	143	76
547	523	142	75
551	519	142	75
551	522	142	73
555	520	142	73
557	518	142	72
559	522	142	72
562	522	141	72
565	521	141	71
568	518	140	72
569	521	140	72
573	517	141	73
574	517	141	73
580	516	140	74
582	517	139	75
583	518	140	75
587	515	140	74
590	517	139	75
593	516	138	74
597	516	137	75
601	515	136	74
605	514	135	75
607	515	135	74
609	513	135	74
613	514	134	74
613	512	135	73
614	512	136	72
617	512	135	72
620	514	135	71
621	512	135	71
624	510	135	72
627	509	134	74
628	508	134	73
632	507	133	73
634	506	132	72
636	506	131	73
639	506	131	73
640	505	131	73
643	504	130	73
644	504	130	72
645	503	129	72
644	506	130	73
643	504	133	73
645	505	133	72
645	502	134	73
653	501	131	73
655	501	129	74
655	502	129	73
659	497	127	73
659	499	127	72
660	499	127	71
663	499	125	70
661	500	126	71
664	497	125	71
665	498	125	71
659	498	127	69
667	499	125	69
664	498	126	68
669	498	123	68
668	497	123	68
669	496	122	68
669	495	122	68
670	496	122	67
668	495	124	66
670	494	124	66
672	493	123	66
672	492	122	66
673	491	121	66
673	493	121	66
673	491	121	66
674	489	121	66
673	489	121	66
674	489	121	67
673	487	122	68
672	489	123	67
673	483	123	69
675	483	122	69
675	483	122	69
676	481	122	69
676	481	123	68
676	481	124	68
681	481	122	68
680	482	122	67
677	481	125	65
681	482	124	63
687	479	120	63
685	480	120	63
687	480	119	62
687	480	120	62
689	476	120	62
694	474	117	63
692	475	118	63
693	474	119	63
698	474	118	64
698	473	117	64
700	473	117	64
703	473	117	64
705	472	117	64
705	473	117	64
701	468	117	65
699	468	118	66
692	469	121	66
685	466	125	67
673	464	129	67
665	458	135	68
655	457	140	69
644	454	146	70
635	447	151	73
625	440	156	76
618	438	161	79
613	435	166	80
611	434	169	81
608	434	171	83
610	428	173	87
611	431	174	90
612	429	176	91
612	426	178	92
615	425	179	93
616	425	181	94
619	426	182	93
621	421	183	94
623	422	183	94
627	423	184	94
630	424	184	94
630	426	186	94
633	426	187	93
635	428	187	93
638	427	187	93
644	427	185	95
645	426	184	95
645	426	186	95
647	428	187	94
653	427	186	95
657	425	184	97
658	427	183	98
662	424	181	98
666	428	179	99
668	427	178	101
669	427	178	100
669	428	179	99
672	429	178	99
674	429	179	99
674	433	180	97
672	431	181	96
678	431	181	96
674	435	183	93
676	439	184	90
673	439	185	89
675	443	186	87
682	438	183	89
681	442	182	90
684	442	183	88
680	443	183	88
681	447	183	87
688	442	179	90
692	439	174	93
687	443	175	91
688	443	176	90
689	444	175	89
688	447	176	88
690	449	175	88
693	443	172	89
691	443	172	90
696	443	170	91
693	442	169	92
693	446	170	92
696	444	168	92
691	445	170	90
695	444	168	91
688	446	171	88
692	446	170	88
688	447	172	87
687	448	173	86
688	448	172	87
689	447	172	88
688	450	172	88
687	451	173	87
686	452	174	85
687	451	174	84
694	449	170	86
690	451	170	86
693	451	168	86
692	452	168	86
693	452	166	87
691	452	166	86
699	448	162	89
694	450	162	88
698	451	160	89
697	449	158	90
700	450	157	90
698	451	157	89
692	456	160	85
699	454	160	85
697	454	159	85
695	457	160	83
692	458	162	81
692	457	164	81
695	457	163	81
690	459	164	79
698	453	161	81
690	454	162	81
696	453	160	82
695	455	161	80
695	454	161	79
697	453	160	80
702	453	157	83
696	451	157	82
702	450	155	83
696	449	157	83
704	447	155	84
699	448	155	82
697	450	157	80
693	451	159	80
697	442	158	82
699	444	157	82
699	444	156	83
697	443	156	82
701	439	155	84
695	445	157	82
696	439	157	84
702	436	155	85
702	435	152	86
703	434	150	86
701	435	150	83
703	434	149	84
703	433	149	84
704	430	148	85
703	432	148	84
704	429	148	84
703	430	149	82
703	427	149	83
701	427	149	82
698	428	150	81
701	427	149	81
699	425	150	81
696	427	152	79
693	427	155	79
698	423	153	80
694	423	154	79
692	424	155	79
695	420	153	80
700	418	150	82
702	416	148	82
699	419	148	81
702	415	146	81
702	413	145	82
702	414	145	82
702	409	145	83
702	412	146	83
701	409	147	83
703	408	147	83
696	412	150	80
703	404	148	82
701	408	147	82
704	407	146	83
702	409	147	83
702	405	147	83
703	407	148	83
701	407	148	82
703	407	148	81
701	407	149	80
703	410	149	79
701	408	150	78
704	410	150	77
704	410	149	76
706	411	148	75
704	411	150	75
703	414	150	74
706	410	149	75
707	411	148	75
708	411	148	75
714	410	144	76
711	410	144	76
717	410	142	76
714	413	142	74
717	411	141	74
717	413	141	73
721	412	140	73
720	414	139	73
719	412	140	73
726	413	137	74
721	416	138	73
725	413	137	75
723	415	138	75
728	413	136	76
724	416	137	76
727	416	138	76
723	417	140	74
729	414	138	76
731	417	137	76
731	417	137	76
730	415	137	75
734	418	136	77
731	417	136	76
733	417	136	76
732	418	136	76
731	420	138	76
735	420	136	77
735	421	137	76
733	421	138	76
737	419	136	77
737	421	136	76
735	422	138	74
736	422	138	74
737	424	138	73
733	428	140	71
736	424	140	72
735	426	141	71
734	428	141	70
739	427	140	70
737	429	140	70
738	428	140	70
746	429	136	71
740	430	136	72
742	427	137	72
747	428	135	71
742	430	136	70
751	423	133	73
746	426	132	73
748	431	132	71
742	430	134	71
748	425	133	73
745	428	133	72
742	428	135	72
747	423	133	75
746	426	132	74
748	425	132	74
744	425	133	73
750	424	131	75
744	424	131	74
745	423	132	74
747	422	131	73
745	422	132	72
746	422	131	72
745	420	131	72
745	420	131	71
745	419	131	71
745	419	131	71
746	417	131	71
748	415	129	71
745	415	131	70
749	414	130	71
745	412	129	71
749	410	129	71
744	412	130	70
745	409	131	69
748	405	130	70
745	407	130	69
745	404	131	69
747	404	131	69
749	400	129	69
746	400	130	69
746	401	130	68
748	397	129	68
746	397	129	66
746	397	131	65
747	394	130	65
747	396	130	64
746	394	131	65
746	392	132	65
745	392	132	65
749	387	130	66
743	387	131	65
747	382	130	67
743	383	131	67
743	381	132	67
743	377	131	68
738	379	133	66
743	371	131	69
739	372	130	69
741	371	129	69
737	373	130	67
742	368	128	69
739	368	127	68
740	368	126	67
740	368	125	67
739	367	126	66
737	367	125	65
736	366	125	65
736	367	126	63
732	367	126	62
735	364	126	63
731	364	126	63
730	364	126	63
728	364	126	62
725	363	127	62
723	363	127	61
723	362	127	61
721	362	126	60
719	363	126	60
717	363	125	59
717	362	125	60
716	362	124	59
714	363	123	60
712	363	123	60
708	363	124	61
706	364	125	61
702	363	125	61
704	364	125	61
701	366	125	62
699	363	125	63
698	364	125	63
693	364	124	63
690	365	124	63
691	363	122	64
687	362	122	64
689	365	121	64
686	365	121	63
685	364	120	63
681	365	120	62
679	365	120	62
675	367	121	62
674	367	121	61
675	368	121	61
674	370	121	60
670	369	121	60
668	370	121	60
664	369	121	59
667	368	120	59
666	368	117	59
666	369	116	59
662	368	117	59
661	369	117	59
658	369	118	59
656	369	119	59
653	369	120	60
656	367	119	59
652	368	120	59
651	367	120	59
650	368	121	59
647	367	121	59
650	366	120	59
648	364	119	60
647	365	120	60
648	365	119	60
650	363	119	60
650	361	119	61
651	359	118	62
649	360	118	61
652	358	117	62
650	356	117	61
650	358	118	61
648	355	118	61
649	356	119	59
650	354	119	59
650	353	118	59
651	352	118	60
652	351	118	60
654	350	117	60
652	352	118	59
654	349	118	59
651	350	120	58
653	349	120	58
652	350	121	57
652	349	121	57
653	350	122	57
653	348	122	57
655	346	120	57
655	348	120	56
657	345	120	57
656	345	119	57
661	343	118	58
659	343	117	58
661	343	116	57
661	342	116	57
660	341	116	57
663	340	116	59
664	340	116	59
663	339	116	59
663	338	117	59
663	338	117	59
662	337	117	60
665	337	116	60
670	338	115	61
668	334	115	62
666	334	115	63
670	332	114	64
668	332	114	63
672	330	113	63
669	328	113	62
674	329	113	62
670	327	115	61
672	327	114	61
669	326	115	61
670	324	117	61
671	324	117	60
674	323	116	60
675	321	117	60
678	320	115	61
679	320	114	61
682	319	112	60
682	318	111	60
686	318	110	59
686	317	109	59
687	315	108	59
686	314	108	59
690	312	108	60
689	311	108	60
692	310	108	59
689	309	108	59
693	307	108	59
693	308	107	60
697	306	107	59
700	304	108	59
702	306	107	58
701	305	108	57
704	303	108	57
704	303	108	57
704	303	110	56
711	298	107	57
709	299	107	57
708	300	109	57
714	296	107	58
713	297	108	58
714	297	108	57
717	294	107	58
719	294	106	59
725	296	105	60
730	302	102	59
737	307	101	58
756	322	100	58
758	340	100	58
775	358	100	58
781	374	100	57
802	388	100	57
888	336	103	56
890	353	112	51
889	367	116	46
888	379	118	42
893	388	116	38
895	396	113	35
896	402	111	33
893	406	108	32
896	409	105	30
898	411	102	29
903	414	99	29
903	416	97	28
905	417	95	28
904	418	94	27
907	418	92	27
906	419	91	27
907	420	90	27
908	420	89	27
908	421	89	27
909	421	88	27
909	422	87	26
909	421	87	26
909	422	87	26
908	422	87	26
908	422	87	26
909	423	86	26
909	422	86	26
909	422	86	26
909	422	86	26
909	423	86	26
909	423	86	26
909	425	86	26
909	425	86	26
909	424	86	26
908	425	86	26
909	425	86	26
908	427	86	26
908	426	86	26
908	427	86	26
907	427	87	26
908	427	86	26
908	428	86	26
907	429	87	26
907	429	86	26
908	429	86	26
906	429	87	26
906	430	87	26
907	430	87	26
906	430	87	26
907	431	88	26
906	431	88	26
907	432	88	26
907	432	87	26
907	433	87	26
907	433	87	26
908	433	87	26
907	433	87	26
908	433	87	27
907	434	87	26
907	434	87	26
908	434	87	26
909	436	87	26
909	436	87	26
908	436	87	26
909	437	87	26
909	437	87	26
909	437	87	26
909	437	87	26
909	438	87	26
910	439	87	26
909	439	87	26
910	439	87	26
909	440	87	26
910	439	87	26
910	440	87	26
910	440	87	26
911	441	87	26
911	441	87	26
911	441	87	26
911	442	87	26
911	442	87	26
911	443	87	26
911	443	87	26
912	443	87	26
912	443	87	26
912	443	87	26
912	444	87	26
911	444	87	26
912	443	87	26
912	444	87	26
911	444	87	26
912	444	87	26
912	444	87	26
912	444	87	26
912	444	87	26
912	444	87	26
911	445	87	26
912	445	88	26
911	445	87	26
912	445	87	26
911	444	88	26
911	444	88	26
910	443	88	26
911	441	89	26
911	438	91	27
907	432	94	28
906	423	97	29
913	413	99	30
905	403	102	30
935	381	101	31
948	367	100	32
952	356	99	33
943	339	99	34
943	333	102	34
947	325	104	34
961	316	104	34
933	277	104	34
933	278	105	36
940	287	106	37
941	284	107	37
963	287	108	37
956	280	108	37
967	283	109	37
962	282	109	38
936	272	110	38
937	280	113	37
964	278	113	37
969	281	113	38
970	281	113	38
971	281	113	38
965	282	114	38
965	279	114	39
968	283	115	39
965	280	115	39
966	283	116	40
956	275	116	41
923	280	117	41
922	258	117	42
921	257	117	43
916	257	117	45
916	260	117	46
919	260	117	46
923	267	118	47
948	272	118	47
951	283	119	48
923	282	121	48
931	283	122	49
951	288	123	49
956	286	123	50
952	290	126	51
964	292	126	52
953	287	127	53
946	297	131	52
937	284	132	55
951	284	132	56
967	284	131	58
961	287	131	59
958	287	131	61
953	285	133	64
954	292	133	64
946	286	135	65
962	292	135	66
943	287	138	68
954	293	138	68
942	292	139	69
946	293	140	70
949	295	141	70
948	295	142	71
949	296	143	71
955	297	143	72
954	299	143	72
957	300	143	73
952	299	144	73
951	301	145	74
949	302	146	74
949	303	146	75
948	304	147	75
954	304	147	76
950	304	148	76
954	305	148	77
949	306	149	77
950	305	150	77
950	306	150	78
951	306	151	78
949	306	151	78
949	307	152	78
951	308	153	79
951	308	153	79
949	309	154	79
948	309	155	79
948	309	155	79
950	308	156	80
950	311	156	80
951	309	157	80
951	311	157	80
949	311	158	80
949	313	158	80
950	311	159	80
945	313	159	80
942	309	160	80
947	311	160	80
940	310	161	80
945	312	161	80
931	310	162	80
918	310	164	80
935	311	165	80
933	311	166	80
930	312	167	80
929	313	168	80
919	314	170	80
927	312	170	80
917	312	172	80
912	314	174	80
918	309	176	79
870	312	183	79
883	312	185	79
861	312	193	79
861	311	196	78
860	311	199	78
861	311	202	78
843	310	208	78
842	312	218	78
836	311	232	78
828	309	244	78
823	309	253	79
816	309	260	79
813	308	266	80
811	310	270	79
808	305	273	82
803	304	275	83
805	307	277	82
801	306	276	83
802	304	277	83
801	305	276	83
796	304	277	83
798	305	278	83
797	304	279	83
796	304	278	83
794	304	278	84
795	303	278	84
793	304	277	84
792	303	277	84
786	303	279	83
787	302	279	83
784	301	279	83
785	302	279	83
785	303	277	83
781	302	278	83
786	303	278	83
782	303	277	82
777	301	279	83
782	302	279	84
780	302	278	83
781	303	278	83
776	301	279	83
777	302	280	83
778	303	280	84
778	302	278	85
777	305	279	84
780	306	279	84
779	304	279	84
781	306	280	84
783	306	279	84
784	305	278	84
782	306	278	84
781	310	281	83
785	310	281	83
782	309	281	84
778	311	285	84
781	314	286	83
786	313	285	84
784	312	285	85
779	314	289	84
783	315	290	84
789	313	291	86
787	314	291	86
790	316	292	86
787	313	294	88
790	315	294	87
793	319	294	86
793	321	297	86
793	317	298	88
791	321	301	86
792	319	303	88
791	321	306	88
795	319	306	91
793	320	311	91
794	318	313	92
793	317	317	93
791	317	322	94
793	317	326	95
795	315	328	96
793	314	333	98
796	312	337	100
825	314	326	103
819	305	319	107
807	311	330	102
802	307	342	104
801	308	350	104
799	305	359	105
798	306	365	106
794	303	375	108
796	300	380	111
797	300	388	112
794	299	394	113
795	294	399	116
794	294	407	117
792	291	413	120
794	292	420	121
790	287	426	124
788	284	433	126
785	281	441	128
788	277	447	131
788	279	451	131
788	274	455	134
786	276	462	133
791	271	465	136
791	270	470	138
786	268	476	140
790	266	479	140
787	265	484	142
788	263	489	143
786	262	493	143
795	263	495	143
789	256	499	146
799	253	498	149
792	251	501	151
797	249	504	151
783	251	515	149
798	251	514	150
798	249	514	152
800	248	514	153
807	248	512	154
796	245	516	155
802	248	519	153
809	248	513	153
814	248	510	152
815	248	509	152
821	248	508	151
813	248	509	151
823	251	511	150
826	252	509	148
828	252	508	146
833	252	506	146
823	250	506	148
835	251	506	149
833	247	502	152
838	252	501	150
837	253	499	149
823	257	502	147
845	259	496	145
840	261	492	145
841	266	487	143
846	268	482	141
847	272	475	140
844	276	472	137
858	280	464	136
859	287	457	133
867	289	449	133
868	291	441	132
866	293	435	131
867	297	431	129
868	299	425	128
874	307	420	125
886	305	410	124
880	308	407	122
883	315	403	119
891	314	396	117
891	314	393	118
891	319	387	116
892	320	385	116
890	325	382	114
893	323	378	115
891	328	378	113
897	328	372	113
901	328	369	113
900	329	366	113
898	335	363	110
904	336	359	108
902	336	356	108
904	335	355	109
902	336	355	109
900	339	356	107
903	339	354	108
902	339	351	108
898	341	352	107
903	341	350	107
899	342	349	107
901	344	348	106
901	346	346	105
904	346	343	104
899	347	343	104
901	349	342	103
903	349	339	103
900	349	339	103
886	350	345	102
899	351	344	101
892	351	343	101
899	357	338	99
905	356	332	99
898	354	331	99
899	356	330	99
901	357	327	99
898	355	325	98
900	360	325	97
899	359	323	95
896	357	322	96
897	361	322	96
893	359	322	94
892	360	320	95
886	358	319	95
893	365	318	93
889	362	316	93
881	360	317	93
887	361	317	93
879	360	316	94
879	363	316	94
869	362	318	93
875	362	317	94
873	362	315	93
871	362	314	93
868	362	313	92
867	363	311	92
866	363	310	93
863	363	309	92
860	363	309	91
858	362	308	92
856	365	307	91
847	364	309	91
853	366	307	91
843	365	308	92
847	366	306	92
841	365	304	92
840	366	304	92
838	366	302	93
835	368	302	92
829	368	302	92
828	371	304	90
807	366	309	91
814	372	310	89
810	371	309	90
812	373	308	90
808	372	306	91
804	375	307	90
800	376	306	90
798	382	308	88
794	381	307	89
791	383	307	88
788	381	305	89
785	384	305	89
780	383	304	90
777	386	306	88
773	384	304	89
771	391	304	87
763	387	306	88
762	393	306	87
759	393	307	88
754	395	308	87
754	396	308	89
750	399	307	89
745	398	307	90
744	402	308	89
737	405	308	88
741	404	307	89
737	405	306	89
731	410	308	87
733	409	306	89
727	411	307	89
726	412	308	89
721	414	308	88
723	413	306	90
719	420	307	87
713	417	309	87
715	421	309	87
706	417	310	88
708	424	311	87
709	421	308	89
705	424	307	88
708	424	305	89
707	425	304	90
705	429	303	88
700	428	303	88
702	428	303	90
699	429	303	90
697	429	302	91
697	428	301	91
693	430	301	91
693	429	301	92
692	430	302	91
691	429	302	91
690	430	301	91
688	429	301	91
687	430	302	91
685	429	302	91
688	432	303	90
681	431	304	89
679	429	305	90
683	431	304	90
675	431	304	89
676	430	306	88
669	429	307	88
676	429	306	89
668	426	305	90
670	426	305	91
662	425	307	90
663	424	308	89
662	423	306	90
659	421	306	90
660	421	307	90
654	419	306	91
658	419	305	91
650	418	305	91
654	418	304	90
644	416	306	91
645	415	306	91
635	413	310	90
640	416	308	90
634	413	309	89
631	411	309	90
630	410	307	90
628	409	305	90
627	408	303	91
623	407	302	91
624	407	302	91
615	405	305	90
613	405	304	91
609	404	303	91
608	404	303	91
602	403	305	91
600	402	306	91
593	403	307	90
594	402	306	91
589	405	306	90
586	402	307	90
581	407	306	89
583	403	306	89
576	403	305	90
574	405	303	89
572	405	302	89
568	404	302	89
563	404	302	89
556	404	302	89
554	406	304	89
550	406	303	89
546	410	303	88
539	407	304	88
538	412	303	87
532	408	304	88
529	413	304	87
525	413	303	87
521	414	302	87
517	415	302	88
511	419	301	87
505	417	302	87
501	419	302	87
497	420	301	88
489	422	301	87
485	421	299	88
474	424	302	87
469	425	300	87
465	425	299	88
457	426	299	88
448	427	300	88
437	429	302	88
430	431	302	87
419	432	303	88
413	433	302	89
404	434	302	89
395	434	301	89
387	433	300	89
380	437	299	89
368	437	296	88
357	438	296	89
344	439	296	89
332	439	297	89
318	440	298	89
307	441	298	89
295	442	297	89
281	443	296	89
268	442	295	88
256	444	294	88
239	444	294	88
225	445	295	89
211	446	294	87
195	446	293	87
179	447	295	86
163	448	295	86
146	446	296	87
131	446	297	88
114	446	297	88
98	446	297	88
74	445	301	89
58	446	301	89
37	446	304	90
22	447	306	90
5	443	309	92
0	443	306	94
0	442	300	95
0	440	290	94
0	442	278	94
0	437	266	94
0	435	251	93
0	435	236	94
0	432	219	95
0	431	208	95
0	431	199	95
0	429	192	96
0	426	189	96
0	423	188	96
6	419	189	96
28	408	195	93
4	415	196	93
70	402	210	88
41	389	215	87
65	401	230	82
30	371	231	82
41	395	240	80
40	406	258	73
40	408	263	72
69	375	264	72
40	396	268	72
44	408	290	66
58	369	291	67
32	378	292	67
68	391	295	67
82	402	303	65
35	365	303	66
61	370	304	66
93	386	306	66
81	398	309	66
47	368	311	67
26	380	312	67
73	398	320	66
35	372	323	68
60	393	330	68
119	402	337	67
44	409	339	67
66	374	341	67
67	396	344	68
98	403	349	67
107	407	352	67
155	367	352	67
160	382	353	67
287	398	354	67
118	377	356	68
168	393	357	68
89	406	360	68
0	423	360	68
14	410	360	69
0	433	360	70
0	440	358	72
0	427	357	76
0	416	357	77
0	432	353	79
0	425	338	84
0	432	323	86
0	433	300	89
0	431	294	90
0	434	294	90
2	434	300	91
18	437	306	91
35	436	306	91
56	437	306	92
75	436	305	92
95	436	304	92
115	438	303	91
132	438	301	91
151	438	300	91
171	436	298	91
189	437	298	91
207	438	298	92
224	437	297	91
244	438	296	91
260	439	295	90
277	440	296	90
293	437	295	91
309	438	295	91
323	438	296	91
341	439	296	90
355	438	295	90
370	438	296	91
388	438	296	91
401	438	296	91
415	437	296	91
428	437	296	91
444	437	295	91
457	436	294	91
470	436	293	91
485	436	293	90
498	436	293	90
508	437	294	89
520	437	294	88
532	437	294	88
542	436	294	88
554	437	294	88
565	435	294	89
571	434	296	89
584	435	294	89
590	435	295	89
600	434	295	89
609	435	296	90
619	434	296	89
621	434	297	89
634	434	296	89
643	436	294	88
648	434	295	89
653	435	295	89
659	435	295	89
666	436	295	89
673	436	294	88
677	435	293	88
681	437	292	88
690	436	292	88
691	436	291	88
698	437	292	88
701	435	290	88
707	439	289	87
708	437	289	88
715	438	289	88
717	440	288	88
723	437	286	89
721	438	286	88
729	440	286	87
732	441	286	87
730	441	288	87
736	439	287	88
734	440	286	88
740	443	286	87
740	444	286	87
745	440	285	87
741	444	288	85
750	443	285	86
745	445	285	85
752	445	284	86
749	445	284	86
754	445	283	87
751	445	284	86
755	448	283	85
756	447	282	87
756	447	282	88
757	448	282	88
758	448	281	89
757	450	281	89
757	448	282	89
759	450	281	89
760	451	281	89
757	450	281	89
764	450	280	90
760	451	280	89
760	453	279	88
765	453	277	88
759	454	278	88
765	453	277	89
762	454	278	88
763	454	276	88
764	457	274	87
763	456	274	88
763	459	274	86
766	457	274	87
764	456	274	88
756	457	277	88
765	461	276	87
766	459	275	88
767	459	274	88
766	459	273	88
768	460	271	88
764	460	272	88
769	461	272	87
763	464	274	86
766	462	274	87
767	463	273	87
772	464	270	88
771	462	270	88
767	464	272	87
770	465	271	87
770	463	271	88
768	466	271	87
775	465	270	88
769	468	272	86
775	466	272	87
771	467	272	87
776	465	270	89
769	467	274	88
775	468	274	88
776	467	272	89
778	469	271	88
779	467	270	89
781	468	269	89
780	467	270	90
782	470	270	88
782	471	269	87
779	469	270	89
780	470	271	88
785	471	270	88
785	472	270	88
787	472	269	88
786	473	269	88
790	471	269	88
789	474	270	88
791	471	270	89
791	472	270	89
790	475	271	88
794	477	270	87
795	476	270	89
797	477	270	88
799	476	269	90
800	477	269	89
801	476	269	90
804	479	269	89
803	481	270	88
804	480	270	90
807	481	269	89
807	480	270	90
810	482	269	89
812	481	268	90
812	484	269	88
813	482	269	89
815	486	270	87
813	483	271	89
813	485	272	89
813	488	274	88
813	488	275	89
816	486	276	90
814	490	278	88
817	489	278	90
819	488	279	91
819	490	279	90
824	490	278	90
826	493	277	90
826	492	277	90
828	490	277	91
828	492	277	90
830	494	278	89
832	493	278	90
829	496	278	88
828	494	280	89
833	496	281	89
830	493	282	90
834	496	283	88
833	494	282	89
831	496	284	89
838	495	281	90
829	497	286	89
839	495	284	90
837	498	284	89
834	494	285	90
842	497	284	91
837	497	285	89
842	494	285	90
842	497	285	88
840	496	285	88
846	494	284	89
848	495	283	89
844	495	284	89
851	494	284	89
845	491	286	89
840	494	290	88
846	492	290	89
845	495	291	88
846	491	292	87
842	493	294	86
849	488	293	88
840	496	297	85
852	492	295	86
850	491	294	87
848	488	295	87
848	492	296	86
851	486	297	87
849	490	298	87
849	484	300	87
850	488	301	87
852	483	302	88
853	485	300	88
852	485	301	87
853	480	300	89
861	483	298	88
857	480	299	89
860	479	298	89
864	481	296	88
862	479	296	88
862	479	297	88
867	474	297	89
867	478	297	87
865	475	298	87
868	471	297	87
872	475	298	86
873	472	296	85
876	468	295	87
875	472	294	86
879	466	295	87
880	470	294	86
884	463	294	87
885	465	295	87
883	461	295	86
886	464	297	85
884	467	295	84
886	463	297	85
888	459	299	85
889	460	297	85
891	457	297	85
889	457	299	84
894	459	300	83
895	452	301	85
897	453	301	86
895	446	300	88
891	448	304	87
899	447	303	87
900	443	302	88
899	443	302	88
903	440	303	88
904	441	302	88
903	437	304	88
893	440	309	85
908	435	307	87
910	437	303	86
908	431	306	86
908	433	306	86
903	428	312	85
902	428	315	86
906	426	315	85
902	431	316	84
907	422	317	85
912	424	313	87
895	417	319	87
907	421	317	87
906	414	320	87
902	415	321	87
914	413	320	88
910	411	319	88
894	412	326	85
914	411	322	86
910	410	321	85
923	410	317	85
902	400	324	87
923	412	317	85
925	405	313	86
921	403	311	86
915	402	315	85
917	400	318	85
923	401	317	86
925	400	315	86
926	399	313	85
934	399	310	85
926	395	311	86
928	394	312	88
912	387	321	88
930	392	315	88
932	391	311	88
916	387	316	88
932	394	312	88
927	385	312	89
927	387	313	89
931	389	313	90
931	391	311	89
929	385	313	89
924	386	314	89
923	388	316	89
933	390	314	89
927	386	314	89
928	386	315	90
928	386	312	90
929	387	311	91
931	386	310	91
929	387	309	91
928	385	311	91
929	387	311	92
928	386	310	91
930	390	309	92
929	385	308	91
928	390	308	91
929	389	309	91
927	389	306	91
929	389	306	91
923	390	307	90
926	390	307	91
921	393	307	90
922	390	307	91
916	392	308	91
919	393	306	92
919	393	304	91
914	399	304	90
912	393	305	89
906	395	303	90
909	396	303	90
906	396	303	89
900	398	304	89
900	397	305	88
893	400	305	88
894	400	305	88
889	400	306	89
887	398	304	90
877	402	306	88
878	399	307	88
869	405	306	88
866	400	306	88
863	405	305	87
857	400	305	87
852	405	305	87
849	401	305	87
843	406	306	87
837	402	307	88
832	406	307	87
830	405	305	87
823	402	305	88
812	408	306	87
811	404	306	87
806	403	304	89
800	402	304	89
794	408	305	88
787	404	305	88
783	403	304	88
776	406	305	89
771	403	307	89
767	404	305	88
761	402	306	89
755	402	304	89
752	405	302	91
748	402	299	92
736	401	301	91
731	403	300	90
722	402	301	90
715	402	302	91
706	401	304	90
702	401	303	89
697	402	303	89
695	399	300	90
683	399	300	90
681	400	300	90
673	400	300	89
668	397	299	91
659	396	302	91
660	398	300	91
655	396	298	92
646	397	301	91
639	394	302	89
635	401	302	90
638	397	298	92
630	396	298	92
625	395	299	93
625	394	298	93
619	394	299	92
612	394	302	91
605	391	305	92
602	392	306	90
603	392	304	91
596	392	303	92
593	390	303	92
590	389	303	92
587	388	304	92
584	389	304	93
584	392	304	91
582	388	301	93
576	390	302	93
573	389	302	94
573	389	303	93
575	381	304	94
571	394	304	91
572	386	302	95
571	386	303	95
570	384	303	94
568	390	304	92
571	385	302	94
565	389	303	92
567	386	301	94
564	394	303	92
565	387	303	89
566	386	302	90
566	387	301	92
565	389	301	94
561	388	303	94
561	382	303	95
561	386	303	94
562	386	303	95
565	384	302	95
562	388	303	93
562	384	304	94
564	386	307	92
567	381	305	95
562	381	306	94
567	384	307	93
564	381	308	94
565	386	309	94
569	382	306	95
564	383	307	93
568	382	308	92
568	383	309	93
565	383	309	93
565	382	310	92
568	381	310	93
568	381	309	94
564	380	310	94
569	381	310	94
562	384	311	93
568	379	310	94
562	383	311	92
565	379	311	91
559	382	312	90
566	385	312	90
561	384	313	92
563	383	316	93
562	386	315	93
562	383	316	94
560	382	316	93
558	383	316	93
555	385	312	91
558	386	312	90
553	383	311	90
560	383	312	91
555	382	313	93
554	384	314	91
554	385	313	91
553	388	311	90
556	386	315	91
560	391	320	89
549	388	318	91
543	386	311	91
550	392	313	88
543	392	309	86
559	396	316	87
549	393	317	89
541	393	314	88
537	394	315	87
547	399	321	85
541	397	319	86
534	394	315	87
540	397	315	86
538	398	314	85
538	401	312	84
532	401	309	84
545	400	310	85
532	401	307	85
543	407	310	84
535	405	307	84
536	406	311	84
529	405	310	84
539	408	310	84
532	409	309	84
538	412	308	84
529	408	307	85
535	414	309	83
532	414	310	84
532	414	309	84
530	414	308	83
532	417	307	82
533	417	304	83
533	417	303	84
530	421	302	83
532	420	302	84
528	423	301	83
529	423	301	83
528	426	300	82
527	426	301	82
526	429	301	82
525	427	301	84
525	431	301	82
525	430	302	83
523	432	300	84
520	433	301	84
519	437	304	83
519	435	302	84
517	438	303	84
515	437	302	85
514	438	302	86
511	439	303	86
507	440	304	87
505	445	306	85
502	446	306	85
501	446	309	85
495	446	309	85
498	449	311	85
491	447	310	87
492	452	312	86
485	453	312	86
487	453	317	86
483	461	317	84
478	460	316	84
480	460	317	85
472	461	313	85
475	463	316	85
474	465	317	85
466	467	316	84
471	466	320	85
461	466	317	86
464	467	320	86
457	469	319	86
459	474	324	85
446	475	320	84
450	476	323	84
445	477	325	84
441	476	328	84
434	479	328	85
436	476	331	87
424	480	331	87
419	479	335	88
414	482	339	87
408	483	343	87
404	480	345	89
395	486	350	87
391	479	351	90
388	483	355	90
381	483	358	91
375	484	362	91
367	479	366	93
360	483	369	93
350	486	374	92
343	477	378	95
336	485	382	94
327	477	387	99
314	482	393	98
304	482	399	98
287	480	405	101
287	477	414	105
272	480	425	105
256	472	433	109
240	475	440	110
234	472	451	113
215	475	464	114
196	471	471	117
177	463	475	122
172	470	487	122
152	463	498	126
144	461	510	129
115	468	521	127
112	458	532	133
95	456	541	137
89	457	553	138
77	451	558	143
76	451	566	146
69	447	572	149
56	441	582	154
29	443	596	154
35	438	605	156
32	443	614	156
30	433	616	159
29	436	622	159
20	434	630	159
24	427	635	162
34	429	633	162
29	423	638	165
28	418	641	167
24	418	640	166
24	416	643	166
20	417	649	164
26	415	652	167
22	410	654	169
27	412	654	169
33	409	652	171
30	409	655	168
26	403	655	170
38	416	654	168
28	407	654	164
33	410	655	164
34	417	654	160
31	413	650	159
33	405	650	162
40	400	645	165
30	396	651	166
40	405	652	161
31	416	656	154
39	404	648	155
36	403	649	157
32	408	651	153
35	393	653	156
25	390	655	159
21	386	664	165
30	381	661	169
27	382	664	168
17	370	667	172
41	388	656	166
36	386	654	162
32	378	654	164
31	376	654	166
21	368	658	170
11	361	663	172
18	362	662	172
14	363	666	172
16	353	664	177
12	353	663	177
15	352	661	177
7	357	665	175
6	356	668	174
2	354	666	174
4	342	666	178
1	340	661	177
8	338	657	178
2	337	653	177
5	333	650	177
4	346	647	174
2	341	647	172
0	337	646	173
1	331	642	175
0	333	638	173
0	325	633	176
0	328	630	174
0	328	625	173
0	322	622	174
0	320	620	174
0	316	616	174
0	317	611	171
0	317	608	168
0	313	604	168
0	315	598	166
0	305	593	168
0	307	588	169
0	306	583	167
0	307	578	166
0	308	574	163
0	306	569	162
0	303	565	163
0	304	563	164
0	297	565	164
0	308	568	160
3	305	570	160
5	309	570	160
11	311	572	157
27	316	563	155
49	325	554	150
58	320	541	147
70	319	529	147
83	327	517	141
93	330	512	136
97	330	507	134
97	326	501	135
100	333	492	132
106	329	486	132
107	328	483	132
110	330	478	130
109	332	474	128
108	334	468	127
113	330	463	127
114	330	460	126
111	330	458	125
114	332	457	124
112	331	452	125
114	332	449	123
108	331	447	123
115	330	445	123
107	330	442	122
114	331	440	120
106	331	441	120
105	331	441	120
105	330	440	120
99	328	439	120
102	330	439	119
97	333	440	117
96	333	435	115
93	339	435	112
98	342	438	109
95	344	438	108
90	340	435	109
97	339	435	108
86	339	434	109
92	339	433	108
89	336	433	109
84	332	431	111
85	338	432	109
81	337	433	107
81	341	433	106
83	337	432	107
79	336	431	107
83	338	428	106
82	341	429	104
81	340	429	104
79	343	430	103
82	339	430	103
80	337	425	104
83	342	425	102
83	342	424	101
86	344	424	99
83	344	425	99
88	343	423	99
86	343	424	99
88	341	424	101
88	345	425	100
87	338	426	101
89	344	425	99
90	340	424	101
90	345	426	99
94	341	426	99
91	344	427	99
95	341	424	100
93	345	425	98
95	344	425	97
100	344	423	98
102	344	421	99
104	343	421	100
107	341	419	101
106	342	420	100
111	341	419	100
109	340	421	101
112	339	419	102
112	340	418	103
117	341	418	103
116	341	419	103
119	341	418	103
118	344	419	102
123	339	418	104
124	340	417	103
126	339	417	103
130	341	415	103
128	345	416	100
131	344	415	101
130	341	415	102
130	339	416	104
134	338	415	106
135	337	415	107
136	338	416	108
137	339	417	107
136	339	416	106
136	338	417	106
135	341	419	105
131	338	420	107
125	337	422	108
120	335	426	109
115	334	429	109
111	331	432	111
107	334	435	111
97	328	440	113
97	329	442	114
91	330	443	114
87	328	446	115
85	332	447	114
81	327	449	116
81	327	448	117
74	324	449	118
69	322	451	119
67	325	451	118
62	323	450	121
57	325	451	121
48	323	453	122
55	324	450	121
52	326	447	122
39	323	450	122
45	327	449	122
21	319	457	125
27	323	459	125
43	323	447	127
20	321	452	128
20	321	455	129
15	322	458	131
15	322	457	132
9	322	459	131
24	322	451	131
4	322	456	132
15	324	452	131
4	324	455	132
14	330	452	131
6	330	454	130
9	328	453	130
4	328	453	132
13	328	449	133
7	332	452	132
4	330	455	133
8	330	453	135
11	330	451	136
5	336	453	134
6	336	456	134
4	336	457	135
6	335	459	135
5	333	458	136
10	335	455	136
5	333	457	138
22	339	452	136
6	342	458	136
8	343	462	133
9	346	465	131
8	350	468	128
4	344	472	130
14	346	470	132
3	344	478	132
18	343	477	135
4	342	481	135
9	343	485	135
5	345	489	136
9	352	494	134
10	350	499	135
12	351	502	134
5	353	506	134
13	354	506	134
11	353	510	135
20	358	509	134
9	354	517	134
15	354	520	136
31	354	515	138
32	355	515	138
31	358	519	135
23	354	527	135
32	356	530	135
34	353	533	137
38	353	533	137
42	354	533	137
47	353	534	138
51	352	533	140
53	357	533	138
53	360	536	136
57	353	536	138
62	357	534	137
63	352	533	138
63	352	534	138
63	353	534	138
61	359	533	136
62	359	532	135
63	357	531	134
59	359	534	132
58	356	534	132
55	359	535	130
56	356	533	131
48	361	535	129
46	366	535	126
48	358	532	127
40	367	534	123
43	353	530	127
39	357	527	125
43	342	521	132
36	351	521	129
36	337	518	132
14	347	524	128
13	328	523	136
0	328	527	137
4	334	523	137
0	324	519	138
0	314	513	142
0	312	506	144
0	305	499	147
0	298	491	148
0	294	481	150
0	291	474	152
0	297	467	150
0	294	457	149
0	290	450	149
0	283	440	152
0	269	429	159
0	260	417	163
0	259	404	161
0	269	393	155
0	277	381	149
0	268	369	147
0	261	354	146
0	256	341	146
0	258	327	142
0	258	314	139
0	253	301	138
0	251	289	137
0	242	276	139
0	241	263	140
0	238	251	140
0	245	238	136
0	246	227	132
0	251	217	124
0	258	209	115
0	262	198	107
0	262	191	100
0	263	179	96
0	263	169	93
0	257	159	92
0	254	150	91
0	251	142	91
0	250	137	90
0	251	130	89
0	246	130	87
0	242	130	86
0	226	126	90
0	191	110	107
0	203	104	110
0	199	101	112
0	182	95	116
0	186	89	118
0	195	84	119
0	255	84	117
0	259	81	119
0	261	81	120
0	257	81	120
1	259	81	120
2	257	81	120
8	255	81	119
12	236	82	119
19	239	82	119
24	242	83	118
27	240	85	117
1	238	85	116
0	197	80	117
0	191	80	116
0	209	84	112
3	224	92	100
9	239	104	87
13	246	115	79
12	258	126	70
18	263	133	67
25	263	137	65
31	266	141	63
47	266	143	62
40	269	148	60
39	258	149	60
57	268	152	59
51	274	156	58
15	204	158	58
21	231	164	62
24	277	184	57
13	288	201	52
7	294	214	48
10	295	225	46
10	293	234	47
26	286	236	53
47	274	233	61
42	281	238	64
67	273	236	71
78	279	236	74
71	292	247	71
79	297	257	71
85	305	268	69
107	300	272	73
118	308	274	74
138	307	272	76
154	304	270	80
166	308	269	82
177	308	268	84
196	308	265	85
197	316	264	85
200	313	265	85
196	315	270	84
199	319	272	82
199	316	274	82
209	315	272	83
194	321	276	81
206	315	273	82
188	323	279	79
201	320	277	79
205	318	275	80
196	316	277	81
208	315	276	82
204	316	276	82
195	318	280	81
198	317	281	81
190	319	285	79
195	318	285	79
207	314	283	80
198	315	283	80
197	314	284	79
199	313	285	79
205	312	284	80
209	310	281	81
209	309	280	81
202	311	281	80
208	308	279	81
210	312	279	80
209	313	279	79
210	314	278	77
213	314	275	76
215	313	273	76
218	315	270	76
220	314	268	75
223	313	265	75
224	307	263	76
221	314	263	74
225	312	261	73
226	309	259	74
226	311	258	73
228	309	257	73
229	304	254	75
223	309	256	73
229	306	253	73
230	303	252	74
225	307	252	72
227	306	252	72
227	307	251	71
227	306	251	70
228	306	250	70
229	305	248	70
229	305	247	70
231	302	246	70
229	303	245	70
225	306	246	68
231	299	244	69
227	298	244	69
225	298	246	69
225	300	247	68
222	302	248	67
226	297	246	68
226	296	245	68
225	296	245	68
225	297	245	68
220	299	246	68
218	300	247	67
219	299	246	67
219	298	247	67
216	295	247	67
218	295	246	67
217	296	247	67
218	294	246	68
215	292	246	69
216	294	245	68
213	295	245	68
214	292	244	69
218	290	242	70
213	293	242	68
214	292	240	69
216	292	239	68
213	290	239	69
218	289	237	69
212	289	237	68
211	292	237	67
214	291	236	68
214	290	234	68
213	289	233	68
213	290	233	68
207	291	235	67
209	293	234	66
210	290	233	66
206	290	233	66
210	289	232	67
212	288	229	67
212	288	227	68
215	287	225	69
212	286	224	71
212	288	223	71
213	289	222	71
209	288	223	71
211	289	223	71
206	288	223	71
207	291	222	70
210	291	221	70
207	291	221	70
209	294	221	69
210	295	221	69
212	295	219	69
209	294	220	70
207	295	222	70
207	297	224	70
208	298	224	71
205	299	225	70
203	297	228	70
203	300	231	69
199	299	232	68
201	296	232	68
204	305	231	67
205	302	231	68
205	301	231	68
204	305	229	70
209	305	230	70
204	303	231	70
208	306	231	71
205	306	228	71
205	303	227	71
205	310	224	72
211	306	226	72
204	309	226	71
214	302	224	72
210	308	221	74
214	311	221	72
214	311	220	72
220	312	219	72
207	313	220	71
218	313	220	72
213	314	219	72
221	316	216	72
220	307	209	75
225	311	205	76
227	320	206	74
229	319	206	72
221	325	210	68
222	326	213	67
222	331	216	65
227	328	216	65
230	332	218	64
226	324	216	67
245	320	211	71
230	324	213	72
234	323	212	74
227	324	217	75
226	329	219	75
225	324	218	76
228	327	218	78
230	325	222	77
232	326	223	78
234	327	227	78
236	329	233	75
244	327	233	76
225	329	231	77
237	328	228	78
247	330	233	78
228	332	234	77
232	335	229	75
234	333	225	75
234	335	224	74
239	337	221	76
242	341	217	74
237	343	219	71
235	347	221	68
233	347	218	67
243	352	221	65
237	351	217	64
240	354	220	62
240	355	218	62
240	353	215	63
239	359	216	62
248	361	221	60
240	358	215	61
242	361	215	60
244	360	215	60
240	361	212	61
246	362	212	60
246	361	212	61
241	365	212	60
244	365	211	60
245	362	210	61
243	363	209	61
238	368	210	59
242	358	207	64
245	364	204	65
242	362	206	65
240	357	205	67
245	364	203	66
242	359	203	67
246	358	200	69
247	358	200	70
247	357	198	71
245	361	199	69
243	357	199	71
240	359	200	71
243	363	199	70
243	360	198	70
240	363	198	69
240	361	197	70
238	365	198	69
238	361	195	71
236	367	196	69
233	369	198	69
235	369	197	68
235	367	196	70
234	368	196	69
233	367	195	71
231	370	195	70
228	368	197	70
231	371	196	70
222	373	197	70
225	374	198	67
220	376	199	67
222	374	198	66
217	376	195	67
220	376	195	68
219	376	193	68
218	377	193	68
213	374	192	69
218	376	194	69
214	373	190	71
213	376	190	71
214	375	191	71
206	377	191	71
213	375	193	71
206	376	190	73
209	378	192	72
198	377	191	72
203	379	193	72
194	384	192	70
208	381	196	69
188	384	194	69
196	382	194	69
194	385	193	68
188	388	192	67
191	393	192	64
192	393	192	62
190	390	189	63
187	391	187	63
185	392	185	63
185	396	183	62
184	386	181	66
181	392	182	65
177	395	182	63
175	396	181	61
175	394	180	62
171	402	179	59
177	391	175	63
174	395	174	63
166	403	176	61
169	393	174	64
161	405	178	59
164	399	177	61
157	404	178	60
158	402	178	60
153	410	178	57
159	394	175	63
155	404	175	62
156	401	174	63
153	407	173	62
153	405	173	61
151	406	173	60
149	409	174	59
150	411	174	57
148	403	173	61
147	408	174	61
142	406	174	63
139	410	175	61
135	414	177	59
139	410	177	60
133	405	174	63
134	416	178	60
128	409	177	62
128	412	179	61
125	408	177	63
127	415	179	61
125	409	178	64
124	418	184	60
121	414	182	61
115	414	179	61
124	424	187	56
116	415	183	59
117	424	188	56
108	418	182	58
115	415	177	61
114	423	182	58
106	411	173	63
113	426	176	59
105	417	172	62
106	427	175	57
103	425	173	57
104	423	171	58
103	416	168	61
103	420	167	61
105	414	165	64
100	420	163	63
102	421	164	62
102	413	160	66
101	420	161	65
99	415	160	67
100	419	161	67
96	424	160	64
98	417	159	66
95	431	160	61
94	424	159	62
95	426	159	60
95	430	160	57
92	424	159	60
91	430	158	58
93	420	157	62
92	435	158	58
92	428	156	59
91	431	156	58
90	424	154	61
87	433	155	60
88	424	152	63
83	438	154	58
87	431	152	59
85	430	151	59
83	428	150	60
80	432	152	60
82	422	150	64
81	429	150	64
80	431	149	63
78	432	150	61
79	433	150	61
78	431	150	62
78	433	149	61
75	436	150	60
75	438	149	58
74	437	149	58
72	437	149	58
70	445	150	55
74	441	149	55
69	442	149	56
68	446	150	53
67	446	151	51
67	448	150	50
64	451	151	48
65	456	150	46
72	452	145	47
69	456	145	45
74	449	142	48
72	452	140	48
70	456	140	46
73	447	138	49
68	456	138	48
67	458	139	46
66	455	140	47
62	461	142	45
65	461	141	44
68	454	139	47
66	461	138	45
67	461	137	44
61	463	139	43
61	464	139	43
60	466	139	43
63	466	137	43
62	466	137	43
60	467	137	42
61	468	136	42
58	470	137	42
59	470	137	41
59	470	137	41
59	470	137	41
59	471	136	41
62	470	135	41
62	472	134	41
63	472	133	40
66	473	131	40
68	474	129	39
69	474	127	39
73	474	126	40
71	473	126	40
76	473	124	40
76	472	123	41
75	472	123	41
77	471	123	41
79	471	122	41
77	472	124	41
80	472	124	41
80	472	123	41
84	470	122	41
87	468	121	41
91	470	121	40
93	470	120	40
93	471	121	40
97	469	121	40
100	469	119	41
100	469	120	40
102	469	120	40
103	468	120	40
103	468	120	40
107	467	120	40
111	462	118	42
114	465	118	42
118	463	117	42
120	462	117	42
122	461	117	42
127	458	115	43
131	458	115	44
137	455	115	44
138	457	116	44
149	445	112	48
146	456	114	46
158	447	111	48
159	452	113	46
169	444	110	48
166	450	113	46
181	444	110	47
180	444	112	46
187	444	112	46
188	444	113	45
195	440	112	45
198	440	113	44
201	439	114	44
210	437	112	44
214	438	113	44
218	435	113	44
222	434	114	44
228	432	114	45
231	432	114	45
235	431	115	45
244	430	114	45
245	431	115	45
251	429	114	45
255	427	113	45
259	426	112	46
262	426	111	45
265	425	111	45
266	423	111	45
266	422	112	45
266	421	112	45
267	421	113	45
266	420	113	45
264	418	115	44
266	418	114	44
263	417	116	44
266	418	115	44
268	416	115	44
267	415	116	43
271	414	115	44
273	413	115	44
274	411	115	44
272	411	117	43
277	410	116	43
274	408	118	41
278	411	118	41
280	408	116	42
280	407	117	42
279	408	118	41
285	404	116	43
283	405	117	43
283	395	115	48
292	398	113	48
290	402	114	47
288	403	116	45
287	405	118	44
290	388	114	50
293	398	114	49
289	401	118	46
289	404	119	45
294	398	118	46
293	401	118	45
292	403	119	44
295	401	119	44
294	403	120	43
296	402	119	43
295	404	119	43
297	403	119	43
296	404	119	43
298	403	119	43
298	404	119	43
299	404	119	43
298	403	119	42
299	405	119	43
301	406	119	43
302	400	118	45
302	405	120	44
303	404	120	44
303	404	121	44
305	404	120	44
306	406	121	44
308	404	121	44
309	405	120	44
308	406	121	44
309	406	121	44
309	405	121	44
310	409	122	43
314	405	119	45
311	410	121	44
316	408	119	45
313	408	121	44
316	411	121	44
319	409	120	45
324	408	119	45
322	409	121	44
323	409	121	45
323	410	121	44
323	410	122	44
324	412	122	43
327	410	121	45
329	411	120	45
329	413	120	45
330	412	120	46
331	412	121	46
331	412	121	46
332	415	121	46
335	413	121	47
336	415	121	48
339	416	122	48
341	415	121	48
339	416	122	48
340	416	122	48
338	416	123	48
338	417	123	48
337	415	123	48
335	416	125	49
337	417	125	49
336	417	125	49
336	416	125	49
333	415	126	49
334	415	126	49
330	416	126	49
329	416	127	49
329	412	126	50
324	413	127	49
325	413	126	50
323	415	126	49
319	416	127	48
321	416	126	48
316	414	127	49
318	415	126	48
316	414	126	49
313	414	126	48
311	415	127	48
310	413	126	48
305	414	127	48
305	413	126	47
300	414	127	47
300	415	126	47
297	414	126	46
297	414	126	46
294	415	125	45
291	414	125	45
288	415	125	45
285	415	126	44
284	416	125	45
280	414	126	43
277	414	126	44
276	414	126	43
274	414	126	44
270	413	126	43
267	412	126	43
263	408	125	44
256	409	125	45
245	404	126	46
231	404	127	46
219	392	126	49
193	395	129	50
168	394	134	50
143	389	138	49
119	383	141	50
95	382	145	51
75	375	147	54
54	374	152	55
41	374	155	54
31	371	156	54
21	370	157	55
10	370	160	55
6	367	161	56
2	368	163	56
0	365	163	57
0	366	163	58
0	367	164	57
0	366	164	58
0	365	163	58
0	365	161	60
0	365	159	61
0	365	157	62
0	367	156	64
0	368	155	64
0	370	154	65
0	371	153	65
0	372	153	65
0	374	153	65
0	374	153	64
0	376	152	66
0	378	152	65
0	380	152	65
0	379	152	65
0	379	152	65
0	381	152	66
0	384	152	67
0	387	152	67
0	388	152	67
0	389	152	66
0	390	152	67
0	391	152	66
0	391	152	68
0	396	153	67
0	400	154	68
0	402	155	67
1	407	158	66
12	411	158	65
29	414	156	65
47	418	157	63
70	421	156	63
98	424	153	64
118	435	155	60
144	440	154	59
166	445	153	59
190	446	151	59
213	445	145	60
227	450	141	60
247	447	135	62
252	456	133	61
269	455	128	61
273	463	127	59
290	464	121	58
293	471	121	56
307	472	118	54
310	476	119	51
320	478	117	50
330	481	113	50
337	484	112	49
348	486	110	47
348	495	112	46
365	498	110	45
375	498	107	46
380	501	107	44
394	503	103	44
402	506	101	43
415	508	97	43
422	511	97	42
435	513	94	42
447	515	93	41
460	517	91	40
467	519	92	39
481	519	92	38
491	522	92	38
503	523	91	37
509	525	93	36
511	526	97	36
518	526	99	37
525	523	99	39
530	527	99	38
535	524	98	40
541	528	96	39
546	525	95	42
549	530	94	40
551	526	92	42
554	533	90	40
557	529	89	41
559	534	88	40
561	532	87	40
563	537	86	39
565	535	85	39
567	536	83	39
571	539	83	38
573	538	83	38
576	541	82	37
577	541	81	37
580	541	80	37
582	544	80	36
583	544	79	36
585	545	78	35
587	544	78	35
588	543	77	36
590	547	76	35
589	547	75	35
592	547	75	34
592	547	75	34
591	548	75	34
591	549	75	34
591	548	74	34
591	549	74	34
591	550	75	34
591	550	75	34
589	550	74	34
590	550	74	34
589	550	74	34
589	549	74	35
589	551	74	34
589	552	74	34
587	550	73	34
587	552	72	34
587	551	72	34
587	552	72	34
586	551	72	34
587	553	71	34
585	552	71	34
586	553	71	34
586	552	71	34
585	553	71	34
585	553	72	33
584	552	72	33
584	553	72	33
584	553	72	33
583	553	72	33
582	553	72	33
582	553	72	33
583	554	72	33
582	553	71	33
581	553	71	33
582	553	72	33
581	553	71	33
581	552	71	33
581	554	71	33
582	553	71	33
581	555	71	33
580	553	71	33
580	552	71	33
580	553	70	34
580	552	70	34
579	553	70	34
579	553	70	34
579	552	70	34
579	554	70	34
579	553	70	34
580	554	70	33
578	555	70	33
579	554	71	33
578	555	71	33
579	554	71	33
579	555	71	33
578	555	70	33
578	556	70	32
578	556	70	32
578	557	70	32
578	557	70	32
578	559	71	31
579	558	71	31
578	558	71	31
578	559	71	31
579	559	72	31
578	559	72	31
577	558	72	32
577	558	72	33
578	559	72	33
577	558	72	34
578	559	72	34
577	561	72	33
579	561	74	32
577	561	73	33
577	561	73	34
578	561	73	34
579	559	72	35
579	558	71	36
582	560	71	36
585	560	72	35
588	559	71	36
593	556	70	37
598	558	69	38
602	555	67	39
609	559	68	37
611	554	66	38
615	559	66	37
617	557	65	36
619	556	63	37
622	559	63	37
623	557	62	37
624	558	61	37
624	557	60	37
625	558	60	37
625	558	60	36
625	562	60	35
626	560	60	35
625	561	59	35
626	561	59	35
625	564	59	34
625	563	60	34
625	564	60	34
626	566	60	33
626	565	60	33
625	566	61	33
627	566	61	33
626	568	60	33
627	567	61	33
627	566	61	33
627	566	60	33
626	567	61	33
627	569	61	32
627	569	61	31
627	569	62	31
627	570	62	31
627	569	62	31
628	569	62	31
627	568	62	31
628	568	62	32
628	567	61	32
629	568	61	33
629	567	61	34
629	569	60	34
630	568	61	34
630	568	60	34
630	568	61	34
629	568	61	34
631	567	61	34
630	568	61	34
630	567	60	34
630	568	60	35
631	567	60	34
631	565	60	36
632	566	59	36
632	565	59	37
633	565	59	37
633	565	59	37
633	565	59	37
633	565	59	37
633	565	59	37
634	564	59	36
634	566	59	36
635	565	60	35
635	566	60	35
636	563	59	36
636	564	59	36
637	563	59	36
637	562	59	36
638	562	59	36
638	561	59	37
638	561	59	37
639	561	59	37
640	561	59	36
640	561	58	36
640	561	59	36
641	561	59	36
642	561	60	36
643	560	59	36
643	560	60	35
644	561	60	35
644	560	60	34
644	559	60	35
645	558	59	35
646	556	59	35
647	554	58	36
648	552	58	37
648	552	58	38
649	551	57	38
650	552	57	38
651	551	58	38
652	550	57	38
653	547	57	39
654	546	57	40
655	545	57	41
656	546	57	41
657	543	56	42
657	545	57	41
658	541	56	42
659	544	57	41
660	542	57	41
661	544	57	40
661	542	57	40
662	540	56	41
663	540	56	42
664	540	57	42
665	538	56	42
666	538	57	42
666	538	56	42
668	537	57	42
668	536	56	42
669	537	56	42
669	535	56	42
670	535	56	42
671	534	56	42
671	533	56	42
671	534	56	41
672	532	56	42
672	531	56	42
673	531	57	42
673	529	56	42
675	530	56	42
675	530	56	42
676	529	56	42
677	528	56	42
677	528	55	42
678	526	56	43
679	526	56	43
679	527	56	42
679	526	56	43
680	524	56	43
680	524	55	43
681	524	55	43
681	523	55	44
682	523	55	44
682	522	55	43
682	524	55	43
682	523	55	43
683	524	55	42
684	524	56	41
682	523	56	41
683	521	55	42
684	522	55	42
685	522	55	42
684	521	55	42
685	520	55	42
685	520	54	42
684	523	55	40
685	521	55	40
685	522	55	40
684	525	56	38
683	524	55	37
685	523	55	37
685	524	54	37
685	524	55	36
685	523	55	36
684	524	56	35
685	525	56	33
684	526	56	32
685	525	56	32
685	524	56	32
685	524	57	31
685	524	56	31
685	524	56	31
686	521	55	31
686	522	55	31
686	521	55	31
685	521	55	31
685	518	55	32
686	519	54	32
686	519	54	31
686	517	54	31
685	517	53	31
685	516	53	31
685	515	53	31
685	512	52	32
686	514	52	31
686	512	52	32
686	512	51	32
686	509	51	32
685	510	51	32
685	507	50	32
685	508	50	32
685	506	50	32
685	505	50	32
684	505	51	32
683	504	51	32
682	503	51	32
681	502	51	31
681	501	51	31
680	499	51	31
680	498	51	31
680	498	51	31
679	496	51	31
679	495	51	31
678	494	51	30
678	494	51	30
678	493	51	30
677	491	51	30
675	490	51	30
675	489	51	30
674	487	51	30
674	486	51	30
673	486	51	30
673	484	51	30
672	483	51	30
672	482	51	30
670	481	51	30
670	478	51	30
669	478	52	30
669	476	52	30
667	475	52	30
667	473	52	30
667	472	52	31
665	470	52	31
665	468	52	31
664	467	52	31
665	466	52	31
664	465	52	31
663	465	53	31
664	463	53	31
662	461	54	31
662	460	54	31
662	459	54	31
661	459	54	31
661	457	54	31
660	456	54	31
660	454	54	31
659	455	54	31
659	453	55	31
657	452	55	31
658	449	55	32
658	450	55	31
657	449	55	31
656	447	55	32
657	447	56	32
656	446	57	32
656	444	57	32
655	445	57	32
656	440	56	33
655	443	57	33
655	442	57	32
656	441	58	33
654	441	58	32
654	439	58	33
655	440	59	33
654	439	60	33
653	439	60	32
654	438	61	33
654	436	61	33
653	437	61	33
653	436	61	33
653	435	61	33
654	434	61	33
654	434	62	33
654	434	62	33
653	433	63	32
654	433	63	33
653	433	63	33
653	431	64	33
653	432	64	32
654	429	63	33
654	428	63	33
654	429	63	34
654	428	63	33
655	428	63	33
654	428	64	33
655	427	64	33
655	427	64	33
656	427	64	33
656	426	64	33
656	426	64	33
657	427	64	33
657	425	64	33
658	425	64	33
659	424	64	34
658	423	64	34
659	423	64	34
660	422	64	34
662	422	64	35
662	423	64	35
663	424	64	34
664	425	65	34
664	424	65	34
665	424	66	34
666	423	65	34
666	423	65	34
667	424	65	33
668	427	67	32
668	426	67	32
669	426	67	32
670	424	67	33
670	426	66	33
671	425	66	34
672	424	65	35
674	425	65	36
674	425	65	36
675	426	65	36
676	425	66	36
676	425	66	36
677	429	66	35
678	429	68	35
678	431	68	34
678	430	68	34
679	430	68	34
680	432	68	34
680	430	68	35
681	433	68	35
680	432	68	35
682	431	68	36
682	432	68	36
683	432	67	37
683	434	67	37
683	433	67	37
685	435	66	37
686	436	66	36
686	437	66	36
687	437	66	36
688	438	65	36
688	440	65	36
688	441	66	35
689	443	66	35
688	442	66	35
689	445	66	34
688	444	66	34
689	445	66	35
689	445	65	35
690	446	65	36
689	446	64	36
689	447	64	36
687	448	65	35
684	448	65	35
679	449	66	34
673	448	67	34
666	446	68	35
657	445	68	36
648	443	69	36
637	442	71	36
625	439	73	35
612	437	75	35
598	433	77	35
583	431	80	35
570	429	82	35
557	426	84	35
546	423	86	34
535	421	88	34
525	420	90	35
519	420	91	35
510	418	92	35
508	420	92	36
498	418	95	36
495	418	96	37
493	419	97	38
493	420	97	39
490	419	97	41
488	420	97	42
486	422	99	43
483	422	100	44
482	424	101	45
481	424	102	46
481	425	102	47
481	425	103	48
482	426	103	49
482	426	103	49
480	427	103	50
481	427	103	51
481	427	103	52
483	428	102	52
482	427	102	52
483	429	103	52
483	430	102	52
484	431	102	52
483	431	102	52
483	431	101	53
486	432	100	53
485	432	100	53
484	433	99	53
486	434	99	53
486	434	99	53
486	434	99	53
487	436	99	53
486	435	99	53
487	436	98	52
488	437	98	52
488	437	97	53
490	438	96	53
490	438	96	53
491	438	96	54
490	438	96	54
491	438	96	55
492	439	96	55
491	439	96	55
492	439	96	55
493	439	96	56
492	439	96	55
493	438	95	56
493	438	95	56
493	439	94	55
493	439	94	55
493	439	94	56
493	438	93	55
491	438	94	53
490	438	94	53
489	437	94	51
489	438	95	49
488	437	95	48
488	438	95	47
488	440	95	48
486	438	95	48
485	439	95	49
485	439	95	49
484	438	95	49
483	438	95	49
482	438	96	49
482	437	95	49
481	438	95	48
480	437	95	48
479	436	95	48
478	436	95	48
477	437	95	48
475	437	95	48
475	437	95	47
475	437	95	48
474	438	95	48
472	437	96	48
471	437	96	48
469	436	96	48
468	436	96	48
467	435	96	47
466	436	96	47
464	436	96	47
462	435	96	46
460	436	96	47
459	435	96	47
458	434	96	47
457	434	96	47
456	434	96	48
454	434	96	47
453	434	97	47
450	434	97	46
449	434	97	47
447	434	97	47
445	436	97	47
443	437	97	48
442	436	97	49
441	435	97	49
439	435	97	49
437	435	97	48
435	435	97	48
434	435	98	47
432	435	98	47
431	436	98	47
429	436	98	47
428	438	98	48
426	437	98	48
423	436	98	49
422	436	98	51
420	437	99	51
419	438	99	52
417	438	99	53
417	438	99	54
415	437	99	54
413	437	99	55
413	437	100	55
411	437	99	54
410	437	100	53
409	437	100	53
408	438	100	53
406	438	100	53
404	438	100	53
404	437	100	53
402	438	100	53
401	437	100	53
400	438	100	53
399	439	100	54
400	439	101	54
397	440	101	54
397	438	101	55
397	439	101	54
396	439	101	54
397	440	102	54
396	439	102	55
396	440	102	55
395	439	102	56
395	440	102	56
396	440	102	56
397	439	102	57
396	439	102	58
397	440	103	57
398	439	103	57
398	438	103	57
398	438	104	57
398	438	104	57
398	438	104	57
399	439	104	56
399	439	105	56
400	438	105	56
401	439	105	56
402	438	105	55
403	437	106	56
404	437	106	56
404	437	107	56
407	437	106	56
407	437	107	56
410	437	106	55
410	436	107	55
412	436	107	55
413	435	107	55
414	435	107	55
416	436	107	55
417	434	107	54
419	434	107	55
422	432	107	55
423	433	107	55
424	433	107	55
427	432	108	55
428	431	108	55
431	432	108	56
433	431	108	55
435	430	108	55
436	431	109	55
438	429	109	55
440	429	109	55
441	429	109	55
444	426	109	55
446	427	110	55
448	426	110	55
450	424	110	54
452	423	111	53
453	423	111	52
455	423	112	52
457	423	111	53
459	422	112	53
461	421	112	54
463	419	113	54
465	419	113	54
466	419	113	55
467	418	113	55
469	418	114	55
470	418	114	55
471	418	114	55
473	415	114	55
474	415	114	55
474	415	115	54
476	413	115	54
477	412	115	54
478	412	115	55
479	411	115	54
479	410	115	55
480	409	116	54
480	409	116	54
481	408	116	53
481	406	117	52
480	407	117	52
481	406	117	53
481	405	117	52
481	405	117	52
481	404	117	52
481	403	117	51
482	403	117	51
482	403	117	52
481	401	118	51
481	401	117	52
482	401	117	52
482	400	117	52
481	400	118	51
481	399	118	51
481	399	118	51
479	399	118	52
479	398	118	53
478	396	119	52
477	397	119	52
477	396	119	52
476	395	119	52
475	395	119	52
474	393	120	51
473	394	120	51
472	394	120	52
470	391	121	51
469	392	120	52
467	392	120	52
465	391	120	53
464	390	120	52
463	390	120	52
461	388	120	52
459	388	120	53
458	388	120	53
456	388	120	53
454	387	120	53
452	386	121	52
449	386	121	53
447	386	121	53
444	385	122	53
441	384	122	52
439	385	122	52
437	384	122	52
434	385	122	53
431	384	122	53
428	384	122	53
425	384	122	53
422	383	121	54
420	383	121	54
417	383	121	54
414	382	121	54
411	382	121	55
408	382	121	55
405	382	121	56
401	380	121	56
399	381	122	57
395	381	122	57
392	381	122	57
389	379	122	57
386	379	122	57
383	379	122	56
380	381	122	57
376	379	122	56
373	380	122	57
371	380	122	57
368	378	122	57
365	378	121	58
363	378	121	58
360	378	120	58
356	379	120	58
354	380	120	58
352	378	120	57
349	379	120	57
346	378	120	57
344	379	120	57
341	377	120	57
339	379	119	57
338	380	119	56
337	379	119	55
334	379	119	54
332	378	119	54
332	379	119	53
331	380	119	52
330	381	119	51
329	381	118	51
328	381	119	51
327	381	119	51
327	381	120	50
326	380	120	50
325	379	120	49
326	381	119	51
326	382	119	51
326	382	119	52
327	382	118	53
328	383	117	55
329	383	116	57
331	382	116	58
332	382	116	59
333	382	115	59
336	382	115	60
336	382	115	59
338	381	114	59
341	382	114	58
342	382	114	58
346	382	113	58
349	382	113	58
351	382	112	59
355	382	111	59
358	381	111	60
361	381	111	60
365	382	111	60
368	382	110	60
372	382	110	60
375	384	111	60
380	385	110	61
383	386	111	61
388	385	111	62
391	387	111	62
394	387	111	62
398	386	111	62
402	387	110	62
406	387	110	62
409	387	110	62
414	388	110	62
418	389	110	63
422	389	110	63
426	390	110	63
430	390	110	63
434	390	110	63
437	390	109	63
441	390	109	63
445	391	109	64
449	392	109	63
452	393	109	63
455	394	109	63
458	394	109	62
461	394	109	62
464	394	109	61
468	395	108	61
471	394	108	61
474	395	107	61
477	395	107	61
478	395	107	62
480	394	107	61
483	395	107	60
485	394	107	60
485	393	107	59
488	391	106	58
490	390	107	57
491	388	108	56
492	386	108	56
493	388	108	56
494	386	108	57
495	385	107	57
497	387	107	57
496	387	107	58
497	385	107	59
500	378	106	62
498	393	106	62
501	388	106	59
500	385	106	58
500	386	106	57
500	388	107	55
499	387	107	54
499	394	107	53
498	392	108	52
498	390	108	51
498	392	108	50
498	392	107	50
498	390	107	50
498	392	107	50
496	391	107	50
496	391	107	50
496	392	107	50
495	391	108	49
493	391	108	50
492	389	108	50
492	391	108	50
492	390	108	49
490	389	109	49
490	388	109	49
490	387	108	50
488	387	109	50
486	387	109	50
487	387	110	50
485	385	110	50
485	385	109	50
484	384	109	50
484	384	109	50
483	385	109	50
483	385	109	50
482	385	109	50
481	386	110	50
481	385	110	50
480	385	110	50
480	385	110	50
480	385	111	51
479	385	111	51
478	385	111	51
478	384	111	50
477	384	111	50
477	383	111	50
476	384	111	50
477	384	111	49
476	383	112	49
476	382	112	49
476	381	111	49
476	382	111	49
476	382	111	49
477	381	111	48
478	382	111	48
479	379	111	47
481	379	110	47
481	380	111	47
483	380	110	48
481	380	110	48
483	380	110	48
483	378	110	47
485	378	110	48
486	376	110	47
489	377	109	48
488	381	110	49
487	381	111	49
488	381	111	49
489	382	112	49
489	383	113	50
490	383	114	50
491	385	115	51
491	383	116	51
492	385	116	51
492	383	117	51
493	385	118	52
494	385	118	53
495	386	119	53
497	386	119	54
498	388	120	54
499	388	120	55
500	388	121	56
501	388	120	57
502	389	120	58
504	390	121	58
506	389	121	59
506	390	121	59
507	390	122	60
509	390	122	60
509	391	122	60
510	391	122	61
513	392	122	61
514	393	122	62
514	394	122	62
515	394	122	63
517	395	122	63
518	394	122	63
520	394	121	64
520	396	121	64
521	396	121	64
522	397	121	65
524	398	121	65
524	398	121	65
524	399	122	65
525	400	122	65
527	400	122	65
526	400	122	65
527	401	121	65
527	400	121	65
530	400	120	66
529	400	121	65
530	402	121	65
530	404	121	65
530	405	121	65
531	404	121	65
531	405	121	65
531	406	122	65
531	406	122	65
531	407	122	65
531	405	121	66
531	406	121	66
531	406	121	66
532	407	121	66
531	408	121	66
531	408	121	66
531	408	121	66
531	409	121	66
531	409	121	66
530	410	121	66
529	408	121	66
528	409	121	65
528	408	121	65
527	408	121	65
526	408	121	64
525	409	121	65
525	409	121	65
524	409	121	65
523	408	121	65
522	408	121	64
521	407	121	64
519	406	122	62
519	405	122	60
518	404	122	59
518	401	122	58
517	401	121	58
516	401	121	58
515	401	121	57
513	400	121	57
512	402	121	57
511	403	121	57
510	402	121	57
509	401	121	56
507	400	121	56
506	398	121	55
505	403	121	56
504	403	121	56
503	403	121	56
502	402	121	55
501	402	121	55
499	401	121	54
498	400	121	54
496	399	121	54
495	397	121	53
493	398	121	53
492	397	121	53
491	397	121	53
490	396	121	53
487	396	121	52
486	394	121	52
485	394	121	52
483	393	121	52
482	394	121	52
482	394	120	52
481	394	120	52
479	393	120	52
478	391	120	51
476	391	120	51
475	391	120	51
474	393	120	51
472	392	120	51
470	392	120	51
469	389	121	51
467	390	121	52
466	390	121	52
465	389	121	53
464	389	121	54
463	386	121	54
462	387	121	54
461	385	121	54
459	384	122	54
458	384	122	55
457	383	122	55
456	382	122	55
456	382	122	55
454	381	122	55
454	379	122	55
453	381	123	55
453	375	123	55
452	375	123	56
451	375	123	56
450	375	123	55
450	373	123	55
449	369	123	55
449	368	123	55
448	366	123	55
448	365	123	55
448	364	123	55
447	363	123	56
447	361	123	56
447	361	122	56
447	361	123	57
446	359	123	56
446	356	123	56
445	356	123	56
445	355	122	56
445	354	122	56
444	351	122	56
444	351	121	56
444	350	121	56
444	349	122	55
443	348	122	55
442	348	122	55
442	346	121	54
441	345	121	54
440	344	121	53
441	344	121	52
440	344	121	52
440	344	121	51
440	343	121	51
439	343	120	50
439	343	121	50
438	342	120	49
437	342	120	49
436	343	121	49
436	341	121	48
436	339	120	46
436	338	120	46
435	338	120	45
435	336	120	45
434	337	120	45
433	337	120	45
433	337	120	46
432	335	120	46
431	335	120	46
431	334	120	46
429	335	120	45
429	336	120	45
428	337	120	44
428	336	120	44
426	337	120	44
425	337	121	44
425	337	121	43
425	337	121	43
423	339	121	43
423	337	121	43
423	338	121	42
422	340	121	42
421	340	121	41
420	340	121	41
420	341	121	41
419	342	121	41
418	342	121	42
417	343	121	42
417	343	121	42
416	343	121	42
415	344	121	42
415	344	121	42
414	345	121	42
414	345	122	42
413	346	122	42
412	347	122	42
411	347	122	42
411	348	122	43
410	349	122	43
410	349	122	44
410	349	122	44
409	350	122	44
409	350	122	45
408	352	123	45
407	352	123	45
407	352	124	45
406	353	124	45
405	354	124	45
406	354	124	45
405	355	125	45
405	356	124	45
404	356	124	45
403	356	125	44
402	358	125	45
402	357	125	45
403	357	125	46
402	357	125	46
402	358	125	46
401	358	126	47
401	358	126	47
400	359	126	48
400	359	126	49
399	358	126	49
399	358	126	49
399	357	127	49
398	357	127	49
397	357	127	49
396	358	127	49
395	358	127	49
394	358	127	50
393	359	128	50
393	359	128	51
392	358	128	51
392	358	129	51
390	358	129	51
390	358	129	51
389	357	129	52
388	356	130	53
386	358	130	53
385	358	131	54
384	357	131	55
383	356	131	55
382	355	131	55
381	354	131	55
379	353	132	56
378	353	132	56
378	353	132	56
376	352	132	56
375	351	132	56
374	350	132	56
373	350	132	56
373	349	132	56
371	349	132	56
370	349	132	56
369	348	133	56
367	349	133	57
366	348	133	56
365	347	133	56
363	346	133	55
361	346	134	55
359	346	133	56
357	346	134	55
356	345	134	55
355	344	134	54
354	344	134	55
352	343	134	55
351	342	134	54
351	341	134	53
351	340	133	53
349	340	133	53
348	339	133	51
347	339	132	51
346	338	133	51
344	339	133	51
344	337	133	51
343	337	133	51
342	336	133	50
341	336	133	50
340	335	133	50
339	335	134	50
338	335	134	51
336	335	134	50
336	335	135	50
334	335	135	50
333	335	135	50
332	335	135	50
332	335	136	50
330	334	136	50
330	332	136	49
329	332	136	49
328	332	137	50
327	333	137	50
326	334	138	51
326	334	138	51
325	333	138	51
324	334	138	51
324	333	138	51
323	332	139	51
323	333	139	51
323	332	139	51
323	332	139	51
322	332	139	52
321	332	140	52
320	333	140	53
321	333	141	53
320	332	141	53
320	333	141	54
320	332	142	54
319	333	142	54
319	334	142	55
318	335	143	55
318	335	143	56
319	334	144	56
319	334	144	56
319	335	144	57
318	334	145	56
318	335	145	56
318	336	146	56
318	336	146	55
318	336	146	56
319	337	146	56
319	338	146	57
319	338	147	57
319	338	147	56
319	339	148	57
320	340	148	57
320	341	148	58
321	342	148	58
321	341	149	57
322	342	149	57
321	343	150	58
323	343	150	58
322	344	150	58
323	346	150	58
324	346	151	58
324	347	151	57
325	347	152	57
325	348	152	57
326	349	152	57
326	350	152	58
326	351	152	58
326	351	153	58
327	352	153	59
328	353	153	59
329	353	153	59
329	353	153	60
329	354	153	60
328	354	154	61
330	354	154	61
330	355	154	61
331	355	155	61
331	356	155	62
331	355	156	62
332	356	156	63
332	357	157	64
333	358	157	64
334	358	157	64
334	359	157	65
336	359	157	64
336	359	158	65
335	360	158	65
336	361	158	65
337	362	158	65
336	362	159	66
338	362	159	67
337	364	159	68
338	363	159	68
338	364	159	68
339	364	159	68
341	364	159	67
340	365	159	67
342	365	159	67
341	366	160	67
343	365	160	66
341	367	160	67
344	366	160	66
344	366	160	66
345	367	160	66
346	367	160	66
346	367	161	66
347	367	161	66
348	367	161	66
348	368	161	66
349	369	161	66
349	368	161	66
350	368	162	66
352	367	162	65
351	369	162	65
351	368	163	65
352	367	163	65
354	367	162	65
355	368	163	65
356	367	163	64
357	367	163	65
358	367	163	65
359	368	163	65
359	369	164	66
360	366	164	65
361	368	164	65
362	366	165	65
364	366	165	64
364	367	166	64
365	366	166	64
365	368	166	65
366	366	166	64
367	365	166	64
367	366	167	64
368	365	167	65
369	366	168	65
370	365	168	65
370	365	169	66
371	365	170	66
373	365	170	67
374	364	170	67
374	364	171	67
376	363	171	67
376	364	171	67
377	364	171	67
378	363	172	66
378	364	172	66
379	362	173	66
380	364	173	66
381	362	174	66
381	365	174	66
383	362	175	66
383	364	176	66
385	363	176	67
385	363	177	67
386	363	177	67
387	365	177	68
388	363	178	67
389	364	178	68
389	363	178	68
389	366	179	69
391	365	179	68
392	365	179	68
393	365	180	68
394	365	180	68
394	366	181	68
395	365	181	67
395	367	183	68
396	366	183	67
396	367	183	67
398	367	184	68
398	368	184	69
400	368	184	69
399	369	185	68
400	369	186	69
401	369	186	69
401	369	187	70
404	368	187	69
403	371	188	69
404	370	189	69
404	372	189	71
404	372	190	70
406	372	190	70
406	373	190	71
407	375	191	71
408	376	191	71
408	376	192	71
408	377	192	71
410	378	192	71
410	379	192	72
410	380	192	73
411	379	193	72
412	381	194	73
413	381	194	72
413	383	195	73
414	382	195	73
414	385	196	74
414	385	197	75
414	385	198	75
415	386	198	75
415	386	199	75
415	388	200	76
415	389	201	77
416	387	201	77
414	390	201	79
416	389	202	79
414	390	202	79
416	391	202	79
415	393	203	79
417	393	203	79
415	395	204	79
415	393	204	79
413	397	204	80
413	395	205	80
412	396	205	81
413	396	206	81
411	398	205	82
412	396	205	82
410	399	205	83
411	397	206	83
408	401	206	84
408	398	207	84
406	399	208	85
406	399	208	85
407	400	209	85
403	401	209	84
404	401	211	84
399	402	210	83
401	401	211	83
397	404	210	83
398	403	211	81
395	405	211	82
394	404	212	80
391	407	212	81
390	405	213	80
389	406	214	79
388	406	215	79
386	406	215	79
384	404	215	79
381	407	214	79
380	405	215	79
379	407	216	80
377	405	215	79
376	407	216	79
374	405	216	78
371	405	216	79
370	404	217	79
368	406	217	78
366	404	217	78
364	403	216	80
362	402	217	80
360	402	217	81
359	401	217	81
357	400	218	80
356	399	218	80
355	398	218	80
352	399	218	81
351	398	218	81
349	397	219	81
347	397	219	80
346	396	220	80
345	394	220	80
344	393	221	81
341	393	222	81
341	391	222	81
339	392	221	81
337	390	221	80
336	388	220	80
335	388	221	79
334	388	221	80
334	387	221	80
334	385	222	79
334	385	223	80
336	383	226	80
338	380	232	81
336	380	236	81
335	378	238	82
334	377	239	83
334	374	241	85
334	373	242	86
333	371	241	87
334	371	242	87
334	368	243	87
333	369	243	87
334	368	243	87
334	367	244	88
335	366	244	87
336	365	244	87
337	366	245	87
338	364	245	87
338	362	244	88
340	360	244	89
341	360	244	89
341	358	243	89
343	357	244	91
345	355	243	91
346	353	242	92
347	352	241	93
350	352	241	93
353	350	240	93
354	351	240	93
355	351	239	93
358	352	240	92
358	350	240	92
360	349	241	93
361	350	240	92
363	350	240	92
365	350	239	92
367	351	239	92
369	350	239	92
372	349	239	93
374	349	238	92
374	353	239	91
376	352	239	90
377	353	240	90
378	353	241	89
382	352	241	91
382	351	242	92
384	350	242	93
385	351	242	93
386	351	242	94
388	350	242	95
389	351	243	95
390	350	244	95
392	353	244	94
392	353	246	93
392	354	247	92
392	353	248	92
392	353	248	92
392	354	249	92
393	355	249	92
393	356	250	92
392	356	251	91
394	357	251	92
392	357	252	91
394	357	252	91
394	356	253	92
392	353	253	93
392	357	253	94
391	354	253	95
391	356	253	95
391	355	253	96
391	356	252	95
390	355	253	94
390	358	253	95
389	355	254	95
387	357	253	95
388	356	252	96
387	356	251	95
386	357	252	94
385	357	252	92
385	358	252	91
384	360	252	91
385	360	252	91
384	360	252	92
383	358	252	91
381	360	252	92
379	355	252	94
378	363	253	94
377	357	254	95
376	359	255	95
374	357	255	96
373	358	256	96
371	359	257	94
370	360	257	93
370	358	257	94
368	360	257	94
368	359	257	94
367	360	258	93
368	359	258	93
367	362	258	92
367	359	258	91
367	366	257	91
365	362	257	92
365	361	257	91
365	367	256	91
364	366	257	91
364	363	257	91
365	367	257	92
366	365	257	92
365	366	257	93
366	368	257	92
366	366	258	93
366	368	258	92
367	368	259	92
369	367	259	92
368	368	258	92
370	368	257	92
371	370	258	92
375	370	259	91
375	373	260	91
377	372	260	90
378	373	260	90
380	373	260	90
381	374	259	90
383	370	259	92
386	375	258	92
389	373	259	92
390	373	259	92
394	374	260	92
395	376	259	92
399	376	260	92
402	378	261	92
404	379	261	91
405	377	259	92
411	384	261	90
413	382	261	91
415	380	260	91
421	385	263	90
422	386	262	89
425	382	262	92
428	382	262	92
432	387	264	92
434	386	265	92
437	386	265	92
438	385	265	92
443	387	265	92
445	384	264	93
449	387	265	92
452	386	265	92
455	387	266	92
457	386	265	93
462	389	266	92
463	387	265	92
468	389	266	91
470	387	265	92
474	390	267	91
476	388	267	91
480	389	268	91
480	387	267	92
485	390	269	91
487	390	270	90
489	391	270	90
492	390	270	91
495	390	271	92
497	390	270	92
500	389	271	92
502	388	270	93
505	389	271	93
507	388	271	93
511	388	272	93
513	389	272	92
