966	351	145	81
962	352	149	76
960	355	152	73
956	358	156	70
955	359	159	68
950	357	162	67
947	358	165	67
942	357	169	66
937	357	174	65
934	351	178	66
932	353	182	66
927	351	184	66
927	349	185	66
926	347	187	66
924	345	188	66
921	344	190	66
920	347	192	65
918	343	193	65
917	344	194	64
915	343	193	64
916	342	193	64
915	340	192	65
915	339	189	66
912	341	189	65
912	340	188	65
911	342	189	65
908	345	190	65
905	344	189	65
904	349	190	64
899	347	187	65
901	353	189	63
897	353	188	62
899	357	189	61
894	358	188	61
892	362	186	61
893	362	186	61
891	363	186	61
893	363	188	62
891	365	188	61
888	366	189	60
888	365	191	60
883	361	189	61
882	361	190	61
879	358	191	62
878	356	192	63
876	352	192	64
872	351	189	65
870	348	189	65
869	348	190	64
865	342	188	65
867	341	188	65
864	338	186	66
864	336	187	67
862	336	186	66
861	337	186	66
862	337	188	65
860	337	186	66
859	340	187	65
854	347	189	63
854	347	189	63
853	347	188	63
854	346	188	64
854	346	188	64
854	347	188	64
847	358	191	62
846	358	193	62
844	359	195	62
843	361	198	61
841	362	199	61
839	361	201	61
835	364	202	60
832	360	202	61
829	360	199	61
834	358	203	61
827	356	204	62
828	354	206	62
825	354	208	61
820	353	209	61
818	353	210	61
817	351	213	61
814	351	214	61
811	352	215	61
809	352	217	60
805	351	219	60
799	352	219	60
798	354	218	61
793	354	218	61
792	353	218	61
790	354	217	62
787	355	216	62
785	355	215	63
782	355	215	63
781	355	217	62
777	354	218	62
773	356	218	62
768	356	218	61
767	354	218	61
763	354	220	61
762	355	222	61
757	354	223	60
754	354	224	61
750	354	226	60
743	354	224	61
740	354	222	61
737	356	223	60
733	355	223	61
729	355	222	61
725	356	223	61
719	356	223	62
720	357	226	61
714	357	226	61
710	356	228	61
708	356	226	61
705	355	227	61
701	354	227	60
697	353	228	60
696	352	229	60
695	351	232	60
693	350	235	60
688	350	237	59
684	349	237	60
682	347	238	61
680	347	241	61
676	347	241	61
673	347	242	61
670	346	242	61
670	347	244	61
664	346	245	61
662	345	247	62
658	346	246	62
656	346	245	62
657	347	245	62
656	346	246	61
657	347	245	61
656	346	246	61
647	346	246	61
649	346	246	61
646	347	247	61
646	347	250	60
640	349	251	59
642	349	250	59
636	349	246	59
635	349	243	60
635	351	240	61
632	351	235	61
632	351	233	61
632	351	232	62
632	351	230	61
634	350	231	61
628	351	229	60
626	351	227	60
628	350	226	61
628	349	226	61
625	347	224	61
622	346	223	61
622	345	224	61
617	344	222	62
617	344	220	62
617	344	221	62
617	343	221	63
614	342	220	63
613	341	219	63
613	341	219	64
609	341	220	64
610	341	220	64
606	340	220	65
605	340	219	65
602	340	219	64
603	340	218	64
598	340	219	64
599	341	219	63
595	340	218	64
596	340	218	63
593	341	218	62
591	341	215	62
586	341	213	62
587	341	213	62
585	342	212	62
583	342	213	61
585	345	218	59
580	348	219	58
581	348	220	57
576	348	219	57
580	348	220	57
573	348	217	57
576	352	221	57
576	352	219	57
574	353	220	57
566	352	217	57
570	353	218	58
569	355	217	57
566	353	214	59
566	354	213	59
566	353	211	59
568	354	213	59
568	352	212	60
567	350	213	61
569	350	214	61
568	350	213	61
568	350	211	61
569	349	211	61
569	350	209	61
569	349	209	61
569	350	207	61
578	353	207	61
577	353	208	62
578	353	210	62
578	358	209	61
580	359	209	62
582	366	208	61
582	367	208	61
584	375	209	60
582	375	207	61
582	383	207	60
583	384	207	60
582	388	206	60
581	390	204	60
583	393	204	60
583	394	203	60
585	394	205	60
582	393	205	61
582	394	206	61
581	392	205	62
582	390	207	62
580	389	205	63
584	386	206	63
584	385	205	63
585	381	205	63
588	377	205	63
587	379	203	62
587	375	204	62
589	378	203	61
590	374	203	61
590	375	202	61
589	374	202	61
590	374	201	61
591	377	201	61
588	377	198	61
590	380	198	60
589	380	196	60
589	384	196	60
591	385	197	60
590	386	197	60
593	388	198	59
589	388	197	60
592	391	197	59
590	391	198	59
590	393	198	59
589	395	198	58
591	392	198	59
590	389	197	60
590	391	197	59
591	389	196	60
592	384	196	61
592	382	195	61
592	384	195	60
592	382	195	59
593	379	195	59
593	375	194	60
595	371	194	60
594	369	193	60
596	366	193	60
597	366	192	58
597	360	193	59
597	358	190	60
599	355	190	60
602	353	191	60
602	349	190	61
602	348	190	61
601	348	191	61
603	346	191	61
603	345	191	62
604	344	191	63
604	344	191	62
608	346	191	61
610	348	191	60
610	350	190	60
611	351	189	60
613	350	187	60
610	352	187	60
613	355	187	58
612	358	186	57
611	359	186	57
609	362	186	56
608	364	187	55
609	364	186	55
607	366	185	55
607	364	184	55
606	365	184	55
605	365	184	54
604	365	185	55
603	366	185	54
601	366	183	54
599	364	182	55
598	365	182	55
597	363	182	55
594	363	182	54
593	364	181	54
586	361	180	54
585	360	179	55
585	361	180	54
582	359	179	56
580	359	178	56
580	361	178	55
576	362	179	54
574	365	179	54
573	363	177	55
571	363	176	55
569	365	176	55
567	365	176	56
563	369	176	56
561	371	178	56
558	372	178	56
554	373	179	56
551	378	179	57
551	378	177	56
546	379	177	57
545	381	176	57
542	385	175	57
540	385	175	57
535	389	174	56
533	391	174	55
528	394	173	55
521	395	173	54
518	396	172	54
512	398	171	53
509	400	172	51
508	397	172	53
504	398	171	52
502	399	171	52
497	396	170	52
495	397	170	52
490	395	169	52
487	394	169	52
483	391	169	53
481	389	169	54
476	392	169	53
474	390	168	53
469	391	168	53
468	391	169	52
461	392	169	52
461	392	169	52
456	390	169	53
457	391	169	53
457	391	169	54
443	395	167	54
444	393	166	55
438	398	166	53
437	399	166	53
433	399	166	52
431	400	166	52
432	399	165	51
428	400	165	51
425	399	164	52
422	399	163	52
419	400	163	51
416	399	162	52
413	400	162	51
410	397	162	52
409	398	162	51
404	397	160	51
401	397	159	51
398	396	158	51
396	396	158	51
392	397	158	50
389	397	157	50
385	396	157	50
384	397	157	50
378	398	158	49
377	397	158	50
372	398	159	49
370	399	158	49
361	398	157	49
357	399	156	50
356	399	156	50
354	398	155	50
350	399	155	50
348	399	154	50
343	399	153	50
341	399	153	50
340	398	154	49
338	400	154	49
334	397	152	50
333	398	152	49
331	397	152	49
330	395	152	49
328	393	151	50
326	395	150	49
324	394	149	49
323	395	150	48
321	396	150	48
320	396	150	48
317	396	150	48
316	398	151	47
311	399	151	47
311	398	150	47
309	398	150	47
307	399	149	47
305	398	149	47
306	399	148	47
305	399	148	47
305	398	147	47
304	397	147	47
304	398	146	46
301	396	146	46
300	397	146	46
297	396	145	46
298	396	144	46
296	397	144	46
295	397	143	47
291	397	143	47
291	397	142	47
288	398	141	47
287	398	140	47
288	398	140	47
289	399	139	47
289	399	139	47
283	400	139	47
281	400	139	47
279	400	138	47
279	400	138	47
277	400	137	47
278	400	136	46
275	400	137	46
275	399	137	46
275	399	137	46
274	399	137	47
273	399	137	47
272	400	137	47
271	399	137	47
270	400	136	47
269	400	135	47
268	401	136	47
267	402	136	47
266	403	136	47
266	404	136	47
264	404	135	47
263	404	134	47
261	405	133	47
261	406	133	47
260	405	132	46
258	404	132	46
257	403	132	46
254	402	132	46
253	402	132	46
251	400	132	46
251	400	132	46
250	400	131	46
247	399	131	46
246	398	130	46
244	398	130	46
244	397	130	46
241	397	130	46
241	397	129	47
239	398	129	47
238	398	128	47
236	399	128	47
235	400	128	47
233	401	128	47
232	402	128	47
228	403	127	47
227	404	127	47
224	406	127	47
222	407	127	47
221	408	127	47
219	408	127	47
215	408	127	47
214	409	127	46
210	409	126	46
208	409	126	45
206	409	125	45
206	408	125	45
204	408	124	45
202	407	124	45
199	405	123	45
197	405	123	45
195	404	123	45
193	403	123	45
191	402	123	44
189	402	123	45
186	400	122	44
185	400	122	44
182	399	122	44
182	398	122	45
179	397	122	45
179	398	122	45
178	398	122	45
178	398	122	45
179	397	122	45
169	399	121	45
167	399	120	46
166	400	119	46
162	401	119	46
159	403	118	46
158	404	118	46
159	404	118	45
157	404	117	45
155	405	117	45
153	405	118	45
152	405	118	44
149	405	117	44
149	405	117	44
145	405	117	44
144	405	117	44
140	405	117	44
138	406	116	44
136	407	116	44
134	407	115	45
130	408	115	45
129	408	114	45
127	408	114	45
127	408	114	45
124	408	114	45
123	409	114	45
120	408	114	45
119	408	113	45
116	408	113	45
113	408	113	45
114	408	113	45
112	407	113	45
109	408	112	45
108	407	112	45
104	407	112	45
103	407	112	45
101	408	112	45
100	406	112	45
97	407	112	45
96	406	112	44
93	405	112	44
92	405	111	44
89	402	111	45
89	402	112	45
85	402	112	45
84	402	113	44
80	401	113	45
80	401	113	45
78	400	114	45
76	401	114	45
73	399	114	45
70	398	114	45
71	398	115	44
70	396	116	45
68	395	115	45
68	394	114	45
69	392	114	44
69	392	114	45
68	391	113	44
68	391	113	44
69	390	112	44
71	389	111	45
73	388	110	45
73	389	109	45
76	388	109	45
77	388	109	45
78	387	108	45
80	386	108	45
79	387	107	45
81	386	106	45
79	388	105	45
89	381	104	45
90	383	104	44
92	382	104	44
96	379	104	44
99	378	103	44
100	378	102	43
104	375	102	43
105	374	102	43
105	375	102	43
108	373	101	44
109	372	101	44
111	370	101	44
113	371	100	44
116	370	100	44
118	369	101	44
121	367	103	44
121	368	103	44
125	368	105	44
125	368	106	44
128	369	107	44
129	369	107	45
131	370	107	45
132	369	106	45
133	370	105	45
135	370	105	45
138	370	105	46
139	371	105	46
142	372	105	46
142	372	105	45
146	372	104	45
150	370	104	45
149	370	103	45
150	371	102	45
152	371	101	45
154	370	101	45
158	368	101	45
159	368	103	45
160	367	103	45
162	367	102	45
166	363	102	45
166	364	103	45
169	364	105	45
170	364	105	45
171	364	105	45
172	364	105	45
174	364	105	45
174	365	104	45
176	365	103	44
177	364	102	44
181	367	102	44
181	367	102	43
182	368	102	43
181	368	101	43
184	368	101	43
183	367	101	43
185	367	100	44
188	366	102	44
188	366	102	44
189	366	102	44
190	366	102	44
190	365	102	44
192	365	101	44
192	364	101	44
194	364	101	44
194	365	100	44
195	365	101	44
195	365	101	44
195	364	102	44
196	364	103	44
195	364	104	44
195	364	105	44
