0.136131
0.136131
0.136131
0.136131
0.136131
0.136131
0.136131
0.136131
0.136131
0.136131
0.136131
0.136131
0.136131
0.136131
0.136131
0.136131
0.136131
0.136131
0.136131
0.136131
0.136131
0.136131
0.136131
0.136131
0.136131
0.136131
0.136131
0.136131
0.136131
0.136131
0.136131
0.136131
0.136131
0.136131
0.136131
0.136131
0.136131
0.136131
0.136131
0.136131
0.136131
0.136131
0.136131
0.136131
0.136131
0.136131
0.136131
0.136131
0.136131
0.136131
0.136131
0.136131
0.136131
0.136131
0.136131
0.136131
0.136131
0.136131
0.136131
0.136131
0.136131
0.136131
0.136131
0.136131
0.136131
0.136131
0.136131
0.136131
0.136131
0.136131
0.136131
0.136131
0.136131
0.136131
0.136131
0.136131
0.136131
0.136131
0.136131
0.136131
0.136131
0.136131
0.136131
0.136131
0.136131
0.136131
0.136131
0.136131
0.136131
0.136131
