0.127876
0.127876
0.127876
0.127876
0.127876
0.127876
0.127876
0.127876
0.127876
0.127876
0.127876
0.127876
0.127876
0.127876
0.127876
0.127876
0.127876
0.127876
0.127876
0.127876
0.127876
0.127876
0.127876
0.127876
0.127876
0.127876
0.127876
0.127876
0.127876
0.127876
0.127876
0.127876
0.127876
0.127876
0.127876
0.127876
0.127876
0.127876
0.127876
0.127876
0.127876
0.127876
0.127876
0.127876
0.127876
0.127876
0.127876
0.127876
0.127876
0.127876
0.127876
0.127876
0.127876
0.127876
0.127876
0.127876
0.127876
0.127876
0.127876
0.127876
0.127876
0.127876
0.127876
0.127876
0.127876
0.127876
0.127876
0.127876
0.127876
0.127876
0.127876
0.127876
0.127876
0.127876
0.127876
0.127876
0.127876
0.127876
0.127876
0.127876
0.127876
0.127876
0.127876
0.127876
0.127876
0.127876
0.127876
0.127876
0.127876
0.127876
